Date,close_matic-usd,high_matic-usd,low_matic-usd,open_matic-usd,volume_matic-usd,close,open,high,low,volume,sma_10,ema_10,rsi,macd,macd_signal,bb_middle,bb_upper,bb_lower,stoch_k,stoch_d,cci,adx,williams_r,target
2023-02-03,1.2442270517349243,1.250519037246704,1.171929955482483,1.1803280115127563,696790458,1.2442270517349243,1.1803280115127563,1.250519037246704,1.171929955482483,696790458,1.1414521217346192,1.140195822651509,71.21543536903314,0.08448936408041408,0.07458601784339335,1.063399511575699,1.248651018024587,0.8781480051268108,97.54724278411791,90.81260253755796,138.189681988768,59.78654666604954,-2.452757215882089,1
2023-02-04,1.2506279945373535,1.281473994255066,1.2190979719161987,1.2444519996643066,531020758,1.2506279945373535,1.2444519996643066,1.281473994255066,1.2190979719161987,531020758,1.1671526193618775,1.160274399358026,71.58567696918155,0.08824399252822035,0.07731761278035876,1.0767550110816955,1.275096466916356,0.8784135552470349,91.01951287655496,88.59882124943749,140.71154795132966,59.60576715874958,-8.98048712344504,0
2023-02-05,1.2045010328292847,1.2578450441360474,1.1896480321884155,1.2510950565338135,562393241,1.2045010328292847,1.2510950565338135,1.2578450441360474,1.1896480321884155,562393241,1.1753721237182617,1.1683156054437094,65.08849044505786,0.08650037977952518,0.07915416618019204,1.0860054612159729,1.2899786192764209,0.8820323031555248,77.5901350170626,88.71896355924514,101.90644218094654,58.70902694728728,-22.409864982937403,0
2023-02-06,1.1904150247573853,1.2360379695892334,1.1807600259780884,1.2043670415878296,438369543,1.1904150247573853,1.2043670415878296,1.2360379695892334,1.1807600259780884,438369543,1.178586220741272,1.1723336816825594,63.202028778207165,0.08302487194185426,0.0799283073325245,1.0957256138324738,1.3001458416195324,0.8913053860454152,73.4891424971866,80.69959679693473,82.00828433448771,57.65939158508422,-26.510857502813398,1
2023-02-07,1.268975019454956,1.269726037979126,1.1903250217437744,1.190356969833374,577383745,1.268975019454956,1.190356969833374,1.269726037979126,1.1903250217437744,577383745,1.191060519218445,1.1899048340048133,68.65796379746695,0.08562263749286592,0.08106717336459278,1.1121683150529862,1.3167818328539769,0.9075547972519956,96.36105546016081,82.48011099147,103.72847427308712,56.995664416283624,-3.6389445398391875,1
2023-02-08,1.3039699792861938,1.3403569459915161,1.2635170221328735,1.2692339420318604,947174326,1.3039699792861938,1.2692339420318604,1.3403569459915161,1.2635170221328735,947174326,1.203669512271881,1.2106439513287006,70.73919496674318,0.0894737880678842,0.08274849630525107,1.1297223150730134,1.336888378911091,0.9225562512349356,89.56415484324916,86.4714509335322,136.80834317472855,56.930122168848975,-10.43584515675085,0
2023-02-09,1.228342056274414,1.3446979522705078,1.2169890403747559,1.3042500019073486,1272709220,1.228342056274414,1.3042500019073486,1.3446979522705078,1.2169890403747559,1272709220,1.2177802205085755,1.2138617885915577,61.27020220532296,0.08543843026597164,0.08328648309739518,1.1398269176483153,1.345528723435998,0.9341251118606326,57.428055514362725,81.1177552725909,98.39412980462042,55.801285058586174,-42.571944485637275,1
2023-02-10,1.2305949926376343,1.3087999820709229,1.2205079793930054,1.2284799814224243,1009957719,1.2305949926376343,1.2284799814224243,1.3087999820709229,1.2205079793930054,1009957719,1.2297064185142517,1.216904189327208,61.43580944797606,0.08148288924483271,0.08292576432688269,1.151857817173004,1.3490659102699554,0.9546497240760529,58.25235307972121,68.41485447911104,82.83085139809134,54.753079170485,-41.74764692027879,1
2023-02-11,1.251412034034729,1.2550090551376343,1.218026041984558,1.2304240465164185,452302092,1.251412034034729,1.2304240465164185,1.2550090551376343,1.218026041984558,452302092,1.2353509187698364,1.2231783429103935,63.00970760014823,0.07911585739675897,0.08216378294085794,1.1647238194942475,1.3524286221591124,0.9770190168293826,65.86882943552256,60.5164126765355,67.37414841462443,53.720355885995296,-34.131170564477436,0
2023-02-12,1.2385159730911255,1.3001270294189453,1.229917049407959,1.2512520551681519,543445136,1.2385159730911255,1.2512520551681519,1.3001270294189453,1.229917049407959,543445136,1.2411581158638,1.2259670029432537,61.33955639751721,0.07533099445024005,0.08079722524273436,1.176890167593956,1.3500422942743824,1.0037380409135297,61.15045753116359,61.75721334880245,74.16117679945334,53.20240777720317,-38.84954246883641,0
2023-02-13,1.1868449449539185,1.2422740459442139,1.1443719863891602,1.2383339405059814,748185120,1.1868449449539185,1.2383339405059814,1.2422740459442139,1.1443719863891602,748185120,1.2354199051856996,1.2188539014906472,55.044014265405956,0.06738526773817322,0.07811483374182214,1.1884360134601593,1.3288048091586477,1.0480672177616708,42.24521751267043,56.42150149311885,5.3397575928596615,50.89750117076432,-57.75478248732957,1
2023-02-14,1.2587729692459106,1.2592439651489258,1.1697280406951904,1.1864540576934814,770359563,1.2587729692459106,1.1864540576934814,1.2592439651489258,1.1697280406951904,770359563,1.2362344026565553,1.226111913809786,61.03864298830852,0.0661299080897535,0.07571784861140841,1.2016935110092164,1.3130460623550777,1.090340959663355,68.56202622190044,57.31923375524482,40.65155872095687,48.96002128591688,-31.437973778099565,1
2023-02-15,1.3300319910049438,1.3305089473724365,1.2344390153884888,1.2586870193481445,613493994,1.3300319910049438,1.2586870193481445,1.3305089473724365,1.2344390153884888,613493994,1.2487874984741212,1.2450064732998145,65.89117033819706,0.07007722738769773,0.07458972436666628,1.2120798110961915,1.330408028952479,1.093751593239904,92.67895142746968,67.82873172068018,125.34752822253289,47.92160017042892,-7.321048572530313,1
2023-02-16,1.3717230558395386,1.4620050191879272,1.3214360475540161,1.329800009727478,1219004023,1.3717230558395386,1.329800009727478,1.4620050191879272,1.3214360475540161,1219004023,1.2669183015823364,1.2680458519434006,68.37304111784039,0.07569703853514098,0.07481118720036121,1.2227522611618042,1.3571551763455136,1.0883493459780949,71.57664536560156,77.60587433832389,215.7369242537077,47.97515858128289,-28.423354634398436,1
2023-02-17,1.525588035583496,1.5364220142364502,1.3716650009155273,1.3716650009155273,1303138204,1.525588035583496,1.3716650009155273,1.5364220142364502,1.3716650009155273,1303138204,1.2925796031951904,1.314871703514327,75.46770729096812,0.09151150960134369,0.07815125168055771,1.2418200612068175,1.4254464091972971,1.058193713216338,97.23658260848941,87.1640598005202,273.91213215626976,48.45363790794666,-2.7634173915105844,0
2023-02-18,1.486840009689331,1.559103012084961,1.47838294506073,1.5255789756774902,774164641,1.486840009689331,1.5255789756774902,1.559103012084961,1.47838294506073,774164641,1.310866606235504,1.3461386682734184,71.13976521587304,0.09976788789126889,0.08247457892269995,1.2572680592536927,1.4669186330521484,1.047617485455237,82.57593526445409,83.7963877461817,240.22636858183873,49.017616104404276,-17.42406473554591,0
2023-02-19,1.478551983833313,1.5337810516357422,1.4722980260849,1.4867680072784424,719130733,1.478551983833313,1.4867680072784424,1.5337810516357422,1.4722980260849,719130733,1.335887598991394,1.3702138165570357,70.21225351972124,0.10443845129353635,0.08686735339686724,1.2768339097499848,1.492317408200445,1.0613504112995247,80.57752536924234,86.7966810807286,179.47904044356596,49.42330034934104,-19.422474630757662,0
2023-02-20,1.4743280410766602,1.5060969591140747,1.4423359632492065,1.4796090126037598,628000707,1.4743280410766602,1.4796090126037598,1.5060969591140747,1.4423359632492065,628000707,1.3602609038352966,1.3891436755606037,69.71339794608232,0.10657059013474157,0.0908080007444421,1.2949836611747743,1.5127866941799697,1.0771806281695788,79.55904773073766,80.90416945481137,135.93301066238703,49.2136959959598,-20.440952269262343,0
2023-02-21,1.384935975074768,1.500601053237915,1.3689969778060913,1.4744280576705933,790150889,1.384935975074768,1.4744280576705933,1.500601053237915,1.3689969778060913,790150889,1.3736132979393005,1.3883786391086335,59.997928182742896,0.09989559860408481,0.09262552031637065,1.3044821083545686,1.520572130574477,1.08839208613466,58.00482090338188,72.71379800112062,80.94681735381823,47.73512801495498,-41.99517909661812,1
2023-02-22,1.3970240354537964,1.3988829851150513,1.3244110345840454,1.385113000869751,722694672,1.3970240354537964,1.385113000869751,1.3988829851150513,1.3244110345840454,722694672,1.3894641041755675,1.3899505293532086,60.79362311617154,0.09449178272165137,0.09299877279742681,1.315311110019684,1.5271165393431712,1.1035056806961967,60.91949562749927,66.1611214205396,41.97940788596012,45.67955552818413,-39.08050437250073,0
2023-02-23,1.354701042175293,1.41668701171875,1.3400599956512451,1.3967820405960083,534094666,1.354701042175293,1.3967820405960083,1.41668701171875,1.3400599956512451,534094666,1.406249713897705,1.3835415316844966,56.55214139080209,0.08580500121067192,0.09156001848007583,1.3208348095417022,1.5306900442819085,1.110979574801496,50.7145698668819,56.54629546592102,34.66074093957387,43.95019061193734,-49.2854301331181,0
2023-02-24,1.265956997871399,1.3616900444030762,1.2527780532836914,1.3545989990234375,617649145,1.265956997871399,1.3545989990234375,1.3616900444030762,1.2527780532836914,617649145,1.406968116760254,1.3621625255366605,48.855204378568466,0.0709419865073353,0.08743641208552773,1.3216012597084046,1.5305351852269,1.1126673341899092,29.316594117417107,46.983553203932765,-23.017874023449597,41.12448475587721,-70.68340588258289,0
2023-02-25,1.2488499879837036,1.276757001876831,1.2025699615478516,1.2660119533538818,471995898,1.2488499879837036,1.2660119533538818,1.276757001876831,1.2025699615478516,471995898,1.3988499164581298,1.3415602459815774,47.512752756457076,0.05712405697371037,0.08137394106316427,1.3238187074661254,1.5286351467839188,1.119002268148332,25.191749621157246,35.07430453515209,-62.05061793965367,38.47084052210824,-74.80825037884276,1
2023-02-26,1.2811830043792725,1.2981770038604736,1.239866018295288,1.2486599683761597,413456032,1.2811830043792725,1.2486599683761597,1.2981770038604736,1.239866018295288,413456032,1.3897959113121032,1.3305825656902492,50.29287112800029,0.04822632936526072,0.07474441872358356,1.32835710644722,1.525008162068755,1.1317060508256849,32.987890828901044,29.165411522491798,-43.43652999905981,35.74306809471015,-67.01210917109896,0
2023-02-27,1.235484004020691,1.2851979732513428,1.2179590463638306,1.281283974647522,551274461,1.235484004020691,1.281283974647522,1.2851979732513428,1.2179590463638306,551274461,1.3607855081558227,1.3132919181139657,46.540660614410285,0.03706008315493303,0.06720755160985346,1.3266825556755066,1.5258815952707574,1.1274835160802559,16.88756806602182,25.02240283869337,-64.32924319310523,33.47818118347798,-83.11243193397817,0
2023-02-28,1.1952389478683472,1.2427250146865845,1.1878550052642822,1.235537052154541,508009083,1.1952389478683472,1.235537052154541,1.2427250146865845,1.1878550052642822,508009083,1.3316254019737244,1.2918277417056714,43.465181481268246,0.024678830697026033,0.05870180742728798,1.3212460041046143,1.5284037825855654,1.1140882256236633,1.9889514471202414,17.288136780681036,-85.95660695734607,31.736680066724578,-98.01104855287976,1
2023-03-01,1.2482359409332275,1.2597839832305908,1.1943769454956055,1.1952489614486694,487108422,1.2482359409332275,1.1952489614486694,1.2597839832305908,1.1943769454956055,487108422,1.3085937976837159,1.2839019597470451,48.30931294610857,0.018924859349743972,0.050746417811779174,1.322240698337555,1.5277893608947832,1.1166920357803267,16.264312416392496,11.713610643178185,-65.17842514752542,29.876525655423197,-83.7356875836075,0
2023-03-02,1.2247730493545532,1.251312017440796,1.1944669485092163,1.248276948928833,371118481,1.2247730493545532,1.248276948928833,1.251312017440796,1.1944669485092163,371118481,1.2836382985115051,1.273151248766592,46.41323265420132,0.012329410568819643,0.043063016363187274,1.3219496011734009,1.5280323883581552,1.1158668139886465,9.944307689738858,9.399190517750531,-70.9092184229262,28.14923941635763,-90.05569231026114,0
2023-03-03,1.1677570343017578,1.227368950843811,1.1381529569625854,1.225003957748413,558368482,1.1677570343017578,1.225003957748413,1.227368950843811,1.1381529569625854,558368482,1.261920404434204,1.2539886643184401,42.09003438256099,0.0024732439633847747,0.034945061883226776,1.3177668511867524,1.5326158526835205,1.1029178496899843,7.032681663520886,11.080433923217413,-98.83444636212637,27.263880033397328,-92.96731833647911,0
2023-03-04,1.1264450550079346,1.17597496509552,1.1013699769973755,1.1677629947662354,332913156,1.1264450550079346,1.1677629947662354,1.17597496509552,1.1013699769973755,332913156,1.234862506389618,1.2307989171710754,39.23812692160149,-0.008572551514037574,0.02624153920377391,1.3121633052825927,1.5404157097391293,1.0839109008260561,5.798898196936753,7.591962516732166,-118.74517069273273,26.861771520693683,-94.20110180306325,1
2023-03-05,1.1374499797821045,1.1583800315856934,1.1210600137710571,1.1266989707946777,306480585,1.1374499797821045,1.1266989707946777,1.1583800315856934,1.1210600137710571,306480585,1.213137400150299,1.2138263831003533,40.39669680867602,-0.01625108614810644,0.017743014133397843,1.309693557024002,1.5442969935903523,1.0750901204576517,8.914652192456414,7.248744017638018,-111.76207890903638,26.48838504461173,-91.08534780754358,0
2023-03-06,1.1317520141601562,1.1451460123062134,1.117467999458313,1.1372489929199219,320320685,1.1317520141601562,1.1372489929199219,1.1451460123062134,1.117467999458313,320320685,1.199716901779175,1.198903770565772,39.97172375814764,-0.02253637309167056,0.009687136688384163,1.3033425092697144,1.5496989309474383,1.0569860875919905,7.610138331134165,7.441229573509109,-109.28502629128931,26.185570490896243,-92.38986166886583,1
2023-03-07,1.149590015411377,1.1674940586090088,1.1183960437774658,1.1317189931869507,509069836,1.149590015411377,1.1317189931869507,1.1674940586090088,1.1183960437774658,509069836,1.1897909045219421,1.1899376332649727,42.02783269711259,-0.025780943980785676,0.002593520554550195,1.294320410490036,1.5491760433937722,1.0394647775863,15.292557364244665,10.605782629278414,-90.6157790555095,25.468429966503006,-84.70744263575534,0
2023-03-08,1.0517879724502563,1.1560879945755005,1.0478509664535522,1.1496039628982544,562549015,1.0517879724502563,1.1496039628982544,1.1560879945755005,1.0478509664535522,562549015,1.1668514013290405,1.1648195131168424,34.95780893863949,-0.035831059141739674,-0.005091395384707779,1.278323656320572,1.5512594946522476,1.0053878179888964,1.0674135695911566,7.9900364216566615,-114.43019613575977,25.67157863532478,-98.93258643040885,0
2023-03-09,1.0153640508651733,1.0909099578857422,0.9860680103302002,1.0519369840621948,701878025,1.0153640508651733,1.0519369840621948,1.0909099578857422,0.9860680103302002,701878025,1.1448394060134888,1.137645792707448,32.74829840443948,-0.046202361811476855,-0.013313588670061594,1.2528124570846557,1.523907095301261,0.9817178188680505,7.799340261623017,8.053103731819613,-136.11951738389374,26.476603956352342,-92.20065973837698,1
2023-03-10,1.0589040517807007,1.0656709671020508,0.9492700099945068,1.0156229734420776,872566312,1.0589040517807007,1.0156229734420776,1.0656709671020508,0.9492700099945068,872566312,1.1312059164047241,1.1233291125389484,37.8085161560653,-0.050328227228277456,-0.02071651638170477,1.2314156591892242,1.4926192692005675,0.9702120491778808,31.422139341898646,13.429631057704272,-132.74189804807176,27.546969768006498,-68.57786065810136,1
2023-03-11,1.064281940460205,1.0863139629364014,1.0009009838104248,1.0590360164642334,714358473,1.064281940460205,1.0590360164642334,1.0863139629364014,1.0009009838104248,714358473,1.1128105163574218,1.1125932630700859,38.424798643792876,-0.052558196452439754,-0.027084852395851768,1.210702157020569,1.4554113570726201,0.9659929569685177,32.96349241708817,24.06165734020328,-107.73133921768098,28.121496980441663,-67.03650758291184,1
2023-03-12,1.1569880247116089,1.1569980382919312,1.0490169525146484,1.0642180442810059,705749746,1.1569880247116089,1.0642180442810059,1.1569980382919312,1.0490169525146484,705749746,1.1060320138931274,1.120665037913999,47.99228392835002,-0.04631101238348134,-0.03093008439337768,1.1948351562023163,1.408266330081201,0.9814039823234315,61.834094638406114,42.07324213246431,-54.37758459172089,27.369442827108582,-38.165905361593886,1
2023-03-13,1.1934000253677368,1.201192021369934,1.0987169742584229,1.1564730405807495,947657046,1.1934000253677368,1.1564730405807495,1.201192021369934,1.0987169742584229,947657046,1.1085963129997254,1.133889581087406,51.19956238018947,-0.037984073104651905,-0.03234088213563253,1.1852583587169647,1.380088421684475,0.9904282957494542,78.62126551954483,57.80628419167971,-15.618712981233179,25.981998155278994,-21.37873448045516,1
2023-03-14,1.200760006904602,1.245239019393921,1.1499849557876587,1.1936320066452026,993352077,1.200760006904602,1.1936320066452026,1.245239019393921,1.1499849557876587,993352077,1.1160278081893922,1.1460478403268959,51.84598751073908,-0.030440129864968357,-0.031960731681499696,1.175445157289505,1.3447161754746788,1.0061741391043313,80.99152327643793,73.81562781146296,22.092501825467693,24.18264211733042,-19.008476723562065,0
2023-03-15,1.114243984222412,1.230586051940918,1.083624005317688,1.200974941253662,789028694,1.114243984222412,1.200974941253662,1.230586051940918,1.083624005317688,789028694,1.1137072086334228,1.1402653210351714,44.400591895109855,-0.03108430002089002,-0.031785445349377765,1.163422304391861,1.3130787906995787,1.0137658180841433,54.61954634149422,71.410778379159,-21.809587428371543,23.234438314855545,-45.38045365850578,1
2023-03-16,1.1507469415664673,1.1557400226593018,1.1062569618225098,1.1148940324783325,468155801,1.1507469415664673,1.1148940324783325,1.1557400226593018,1.1062569618225098,468155801,1.115606701374054,1.1421710702226797,47.80629616377799,-0.02832283787605072,-0.031092923854712358,1.1576618015766145,1.2997666593908241,1.0155569437624048,68.07365811062492,67.89490924285236,-21.109625352599938,22.35396335541459,-31.926341889375085,1
2023-03-17,1.2244999408721924,1.229343056678772,1.1398290395736694,1.1507530212402344,546591846,1.2244999408721924,1.1507530212402344,1.229343056678772,1.1398290395736694,546591846,1.1230976939201356,1.1571399557953184,53.94466561892705,-0.01995310163133457,-0.028864959410036802,1.1564442992210389,1.295793758033442,1.0170948404086357,92.99282091600988,71.89534178937635,54.56973380634163,21.0072559343148,-7.007179083990128,0
2023-03-18,1.171612024307251,1.2508440017700195,1.1702380180358887,1.2246479988098145,540691072,1.171612024307251,1.2246479988098145,1.2508440017700195,1.1702380180358887,540691072,1.135080099105835,1.159771240979306,49.4531745665508,-0.017387209295140815,-0.026569409387057607,1.1509657502174377,1.2783717027413202,1.0235597976935553,73.7271848290725,78.26455461856911,63.654356835321344,20.027378758341975,-26.2728151709275,0
2023-03-19,1.168956995010376,1.2200729846954346,1.165619969367981,1.1715600490570068,435055212,1.168956995010376,1.1715600490570068,1.2200729846954346,1.165619969367981,435055212,1.1504393935203552,1.1614413780758641,49.23156768586086,-0.01539054716032262,-0.02433363694171061,1.147639399766922,1.2693936121864062,1.025885187347438,72.8467941557112,79.8555999669312,54.56301578095053,19.048520582709898,-27.153205844288806,0
2023-03-20,1.1040970087051392,1.1732380390167236,1.1029260158538818,1.16913902759552,656302222,1.1040970087051392,1.16913902759552,1.1732380390167236,1.1029260158538818,656302222,1.154958689212799,1.1510151290993687,44.03967840565762,-0.01882483588063688,-0.02323187672949587,1.1430823028087616,1.2641899585499574,1.0219746470675657,51.33963900503837,65.97120599660737,-23.58716146427355,18.11935017381312,-48.66036099496163,1
2023-03-21,1.1565070152282715,1.167564034461975,1.0906529426574707,1.1042579412460327,551438948,1.1565070152282715,1.1042579412460327,1.167564034461975,1.0906529426574707,551438948,1.1641811966896056,1.1520136538500783,48.743518923347324,-0.017120134661024577,-0.022009528315801614,1.1384958565235137,1.2498848567863996,1.0271068562606278,68.71846077099012,64.3016313105799,1.0440718936955928,17.41714009200894,-31.281539229009883,0
2023-03-22,1.1099519729614258,1.1617549657821655,1.0927289724349976,1.1562650203704834,581371141,1.1099519729614258,1.1562650203704834,1.1617549657821655,1.0927289724349976,581371141,1.1594775915145874,1.144366075506687,45.11576432498166,-0.01930323383320176,-0.021468269419281642,1.1327548027038574,1.2373964313271006,1.0281131740806142,53.28110757194482,57.779735782657774,-19.983094659120997,16.765087873190772,-46.71889242805518,1
2023-03-23,1.1370240449905396,1.1561390161514282,1.103140950202942,1.1099319458007812,424503495,1.1370240449905396,1.1099319458007812,1.1561390161514282,1.103140950202942,424503495,1.1538399934768677,1.1430311608673873,47.559892893826515,-0.018634063805283763,-0.020901428296482068,1.1312181532382966,1.2346543138262582,1.0277819926503349,62.25803289290082,61.41920041194525,3.5396646036628607,16.159610812859615,-37.74196710709918,0
2023-03-24,1.097398042678833,1.1470659971237183,1.074288010597229,1.1369730234146118,484026769,1.097398042678833,1.1369730234146118,1.1470659971237183,1.074288010597229,484026769,1.1435037970542907,1.1347342302876502,44.440307157738125,-0.021058479907361205,-0.020932838618657898,1.1297658026218413,1.2342397491838126,1.02529185605987,38.60762331196934,51.382254592271664,-41.34165535817489,16.02741855923532,-61.39237668803066,0
2023-03-25,1.0792039632797241,1.1126359701156616,1.0667879581451416,1.0975170135498047,313664955,1.0792039632797241,1.0975170135498047,1.1126359701156616,1.0667879581451416,313664955,1.139999794960022,1.1246378181043908,43.04424217889442,-0.024169348088606046,-0.021580140512647526,1.1268535017967225,1.2335323194207253,1.0201746841727197,14.956870685296577,38.60750896338891,-69.50915600840328,16.015118963069455,-85.04312931470342,1
2023-03-26,1.105597972869873,1.1191480159759521,1.0750709772109985,1.079164981842041,274232224,1.105597972869873,1.079164981842041,1.1191480159759521,1.0750709772109985,274232224,1.1354848980903625,1.121176028061751,45.70875813008237,-0.024225698769414272,-0.022109252164000875,1.1255457997322083,1.2325929398538116,1.018498659610605,21.085976836397503,24.883490277887805,-41.58547075500634,15.866382857506665,-78.9140231636025,0
2023-03-27,1.0469709634780884,1.1078989505767822,1.0301799774169922,1.1056610345840454,405623097,1.0469709634780884,1.1056610345840454,1.1078989505767822,1.0301799774169922,405623097,1.117732000350952,1.1076841981374488,41.10843166926793,-0.028670570293957365,-0.023421515789992173,1.1204148471355437,1.2320972523163256,1.0087324419547619,7.6092993002943174,14.550715607329465,-93.64513502193246,16.402512180352755,-92.39070069970569,1
2023-03-28,1.0876660346984863,1.1013890504837036,1.034472942352295,1.0469019412994385,339891275,1.0876660346984863,1.0469019412994385,1.1013890504837036,1.034472942352295,339891275,1.1093374013900756,1.1040445320576373,45.229101790937335,-0.02857995888057374,-0.024453204408108487,1.1222087502479554,1.2305261294206946,1.0138913710752162,26.051395305618822,18.248890480770214,-71.24785843599244,16.900346551566983,-73.94860469438117,1
2023-03-29,1.122851014137268,1.1439460515975952,1.0864189863204956,1.0875509977340698,367716913,1.122851014137268,1.0875509977340698,1.1439460515975952,1.0864189863204956,367716913,1.1047268033027648,1.107463892435752,48.57917241534592,-0.02537649050881141,-0.02463786162824907,1.12758309841156,1.2241959583291595,1.0309702384939605,41.996440965844506,25.219045190585877,-11.455821673633471,16.414351152897275,-58.003559034155494,0
2023-03-30,1.092411994934082,1.139551043510437,1.0833139419555664,1.1229360103607178,367067985,1.092411994934082,1.1229360103607178,1.139551043510437,1.0833139419555664,367067985,1.1035583019256592,1.1047271837990846,45.960125135933865,-0.02500564370943592,-0.02471141804448644,1.129258495569229,1.222139364932376,1.0363776262060822,28.202158326238315,32.083331532567215,-45.46951259439733,16.01691115498736,-71.79784167376168,1
2023-03-31,1.1191619634628296,1.1226660013198853,1.080016016960144,1.0925639867782593,308894177,1.1191619634628296,1.0925639867782593,1.1226660013198853,1.080016016960144,308894177,1.099823796749115,1.1073516891924928,48.58357292173329,-0.022296228998692547,-0.024228380235327664,1.1320024967193603,1.2201656135753005,1.04383937986342,40.32464571727396,36.841081669785595,-50.546273257522635,15.70834820216011,-59.67535428272604,0
2023-04-01,1.105478048324585,1.126499056816101,1.1022889614105225,1.1191420555114746,190766571,1.105478048324585,1.1191420555114746,1.126499056816101,1.1022889614105225,190766571,1.0993764042854308,1.1070110272165095,47.3180877641785,-0.021010974475677457,-0.023584899083397625,1.129426997900009,1.2175295310520098,1.0413244647480084,39.652892956285804,36.05989899993269,-40.19379894787462,15.328080118711766,-60.347107043714196,0
2023-04-02,1.0965059995651245,1.1211930513381958,1.0837500095367432,1.1121920347213745,212264953,1.0965059995651245,1.1121920347213745,1.1211930513381958,1.0837500095367432,212264953,1.0953245997428893,1.1051010221889848,46.463521655071695,-0.02048028636608512,-0.02296397653993513,1.1245822966098786,1.2086443011245984,1.0405202920951588,46.36300912122581,42.11351593159519,-57.89105668981567,15.34413665329073,-53.63699087877419,1
2023-04-03,1.0970200300216675,1.1169790029525757,1.0738849639892578,1.0964299440383911,331534675,1.0970200300216675,1.0964299440383911,1.1169790029525757,1.0738849639892578,331534675,1.0952867984771728,1.103631750885836,46.52311071399013,-0.019790106228234627,-0.02232920247759503,1.1193952977657318,1.19653236909815,1.0422582264333136,48.65197173700455,44.889291271505385,-62.81364526647604,15.552019713914955,-51.34802826299545,1
2023-04-04,1.1390889883041382,1.149158000946045,1.0942529439926147,1.0969769954681396,335559402,1.1390889883041382,1.0969769954681396,1.149158000946045,1.0942529439926147,335559402,1.1012753009796143,1.1100785213255273,51.30058202145337,-0.01566791023184999,-0.02099694402844602,1.120637547969818,1.1982018188335641,1.043073277106072,82.77333879360097,59.26277321727711,14.72914096801662,14.891690144923603,-17.226661206399022,1
2023-04-05,1.1405149698257446,1.1666229963302612,1.1260700225830078,1.1391079425811768,321403080,1.1405149698257446,1.1391079425811768,1.1666229963302612,1.1260700225830078,321403080,1.1047670006752015,1.1156124210528395,51.458881161694066,-0.012145964298692968,-0.019226748082495408,1.120125949382782,1.1970211797000365,1.0432307190655274,80.86525297339517,70.76352116800022,54.74909072189426,13.855133692878,-19.13474702660482,0
2023-04-06,1.1136380434036255,1.1407370567321777,1.1098999977111816,1.1404969692230225,218820404,1.1136380434036255,1.1404969692230225,1.1407370567321777,1.1098999977111816,218820404,1.111433708667755,1.115253443298437,48.27382644249961,-0.011392217720363584,-0.017659842010069045,1.1145828545093537,1.1747460110701,1.0544196979486073,61.166974060933086,74.93518860930975,9.71239229444201,13.267380245848221,-38.833025939066914,0
2023-04-07,1.1075780391693115,1.1201039552688599,1.0985000133514404,1.1138789653778076,197890629,1.1075780391693115,1.1138789653778076,1.1201039552688599,1.0985000133514404,197890629,1.1134249091148376,1.1138579152749595,47.5590540416527,-0.011155268827596432,-0.016358927373574524,1.1113811552524566,1.1655840162548845,1.0571782942500287,56.725556476816124,66.2525945037148,-16.925821297675782,12.9807943513437,-43.274443523183876,0
2023-04-08,1.1024819612503052,1.117737054824829,1.1017860174179077,1.1074639558792114,138273151,1.1024819612503052,1.1074639558792114,1.117737054824829,1.1017860174179077,138273151,1.1113880038261414,1.1117895599977496,46.92976203143626,-0.011249024271786645,-0.01533694675321695,1.108057403564453,1.1554557633011164,1.0606590438277896,52.99060692820953,56.96104582198624,-10.386125914466398,12.714678877875217,-47.00939307179047,0
2023-04-09,1.1019220352172852,1.1100319623947144,1.0870510339736938,1.1025539636611938,180663393,1.1019220352172852,1.1025539636611938,1.1100319623947144,1.0870510339736938,180663393,1.1123390078544617,1.1099954645831198,46.856400697687874,-0.011238951847255985,-0.014517347772024757,1.1079486548900603,1.155392820011729,1.0605044897683917,52.58023339830696,54.098798934444204,-39.291662257958514,12.82080390241509,-47.41976660169304,1
2023-04-10,1.1213159561157227,1.123486042022705,1.090967059135437,1.1018669605255127,221994150,1.1213159561157227,1.1018669605255127,1.123486042022705,1.090967059135437,221994150,1.112554407119751,1.1120537357708657,49.784439479090345,-0.009555887718221356,-0.013525055761264077,1.106189101934433,1.1486475377787022,1.0637306660901638,65.71545841207698,57.09543291286449,24.263154828852315,12.50446613266017,-34.284541587923016,0
2023-04-11,1.1138880252838135,1.1315449476242065,1.1108169555664062,1.121340036392212,256374532,1.1138880252838135,1.121340036392212,1.1315449476242065,1.1108169555664062,256374532,1.1133954048156738,1.1123872429550379,48.678204653804045,-0.008720890216614485,-0.012564222652334159,1.1063859045505524,1.1489486428757338,1.063823166225371,43.13555106222435,53.81041429086943,59.52799536272941,11.964776868864954,-56.86444893777565,0
2023-04-12,1.1106200218200684,1.1170649528503418,1.085211992263794,1.1138139963150024,255393936,1.1106200218200684,1.1138139963150024,1.1170649528503418,1.085211992263794,255393936,1.1148068070411683,1.112065930021407,48.171051452677005,-0.00822800196355633,-0.011696978514578595,1.1050657033920288,1.1453206582327475,1.06481074855131,39.6116424982293,49.48755065751021,-6.731137208903007,12.129251310215484,-60.3883575017707,1
2023-04-13,1.1346789598464966,1.1379120349884033,1.0982619524002075,1.1037640571594238,291006675,1.1346789598464966,1.1037640571594238,1.1379120349884033,1.0982619524002075,291006675,1.1185727000236512,1.116177389989605,52.125513201299455,-0.005828838025706773,-0.010523350416804233,1.106929749250412,1.1490034121380757,1.0648560863627483,65.55454577006284,49.43391311017217,88.48055666397792,11.635907824564862,-34.445454229937155,1
2023-04-14,1.1620399951934814,1.1902580261230469,1.1346670389175415,1.1347060203552246,613998037,1.1620399951934814,1.1347060203552246,1.1902580261230469,1.1346670389175415,613998037,1.1208678007125854,1.1245160454812189,56.216828542554424,-0.0017000789809002992,-0.008758696129623447,1.1110715508460998,1.1574963182337268,1.0646467834584727,75.75209381607199,60.30609402812138,235.9365404874244,11.756852988123237,-24.247906183928016,1
2023-04-15,1.17289400100708,1.1843570470809937,1.147467017173767,1.1620179414749146,337486132,1.17289400100708,1.1620179414749146,1.1843570470809937,1.147467017173767,337486132,1.124105703830719,1.1333120373950116,57.759008767032206,0.002419924483561653,-0.006522972006986427,1.1144363522529601,1.1679936349563784,1.0608790695495418,85.07899955747136,75.46187971453541,208.02651079877506,11.86915921142744,-14.92100044252864,1
2023-04-16,1.1838619709014893,1.1883200407028198,1.154299020767212,1.1728459596633911,267047390,1.1838619709014893,1.1728459596633911,1.1883200407028198,1.154299020767212,267047390,1.1311280965805053,1.1425029343961892,59.31837141362916,0.006495207708166584,-0.003919336063955825,1.1212809026241302,1.1735748661369225,1.0689869391113378,94.50383524822578,85.11164287392303,199.41138375329473,12.067818227611829,-5.496164751774212,0
2023-04-17,1.1529539823532104,1.1842050552368164,1.1515300273895264,1.1837509870529175,344411568,1.1529539823532104,1.1837509870529175,1.1842050552368164,1.1515300273895264,344411568,1.1356656908988954,1.1444031249338293,53.34232275345046,0.00714847943631991,-0.0017057729639006782,1.1245453000068664,1.176185191423879,1.0729054085898537,64.48790839660005,81.35691440076573,131.5578088839001,12.159414689237764,-35.512091603399945,1
2023-04-18,1.171897053718567,1.183864951133728,1.1460059881210327,1.1531360149383545,313818165,1.171897053718567,1.1531360149383545,1.183864951133728,1.1460059881210327,313818165,1.1426072001457215,1.1494020210765088,56.25138837092805,0.009089966062322485,0.00045337484134395445,1.1269976019859314,1.1825897492782234,1.0714054546936393,82.52102270792905,80.50425545091828,121.8084842299236,12.05189380556327,-17.47897729207095,0
2023-04-19,1.0855530500411987,1.1772470474243164,1.0774120092391968,1.1718950271606445,506542920,1.0855530500411987,1.1718950271606445,1.1772470474243164,1.0774120092391968,506542920,1.1409703016281127,1.137793117251907,43.06975391988534,0.0036196437117101965,0.001086628615417203,1.1266546547412872,1.183172914830115,1.0701363946524594,7.21429167533786,51.407740926622324,-39.7302427096025,12.33734453808258,-92.78570832466214,0
2023-04-20,1.0471500158309937,1.098078966140747,1.041113018989563,1.085373044013977,377497546,1.0471500158309937,1.085373044013977,1.098078966140747,1.041113018989563,377497546,1.1335537075996398,1.1213125533571953,38.72337793300279,-0.003770960787295552,0.00011511073487465199,1.1230540573596954,1.1893520660370565,1.0567560486823344,4.047736466315355,31.261016949860757,-174.6753356068189,13.327370158107758,-95.95226353368464,0
2023-04-21,1.0126760005950928,1.055340051651001,1.0048470497131348,1.0471810102462769,414880568,1.0126760005950928,1.0471810102462769,1.055340051651001,1.0048470497131348,414880568,1.1234325051307679,1.1015604528549947,35.28137368686782,-0.012268410418869724,-0.002361593495874223,1.1184139549732208,1.2001708116780934,1.0366570982683483,4.222485115794617,5.161504419149277,-233.65257976497557,14.853468311330124,-95.77751488420539,1
2023-04-22,1.0253440141677856,1.027806043624878,1.0081379413604736,1.0126789808273315,338864115,1.0253440141677856,1.0126789808273315,1.027806043624878,1.0081379413604736,338864115,1.1149049043655395,1.0877029185482294,37.48052358808779,-0.017775591692294368,-0.005444393135158252,1.1148558557033539,1.2057951454019045,1.0239165660048033,11.054881890776294,6.4417011576287555,-204.29710526005675,16.270559453608033,-88.94511810922371,0
2023-04-23,1.0036760568618774,1.031000018119812,0.9855089783668518,1.025352954864502,396078444,1.0036760568618774,1.025352954864502,1.031000018119812,0.9855089783668518,396078444,1.1018046140670776,1.072425307332529,35.272728643359486,-0.023616262028442803,-0.009078766913815163,1.1101886570453643,1.2131031343367593,1.0072741797539693,8.872851275312442,8.050072760627785,-194.7799911261464,17.945117198360606,-91.12714872468756,0
2023-04-24,0.9899200201034546,1.0211689472198486,0.9764180183410645,1.0036669969558716,450928113,0.9899200201034546,1.0036669969558716,1.0211689472198486,0.9764180183410645,450928113,1.084592616558075,1.0574243460181518,33.90718718792935,-0.029020502266513315,-0.013067113984354794,1.1027302086353301,1.217162454975337,0.9882979622953231,6.3140671862282725,8.747266784105669,-172.65808663126427,19.638702785136076,-93.68593281377173,1
2023-04-25,1.0058540105819702,1.0148470401763916,0.9521579742431641,0.9898949861526489,485149208,1.0058540105819702,0.9898949861526489,1.0148470401763916,0.9521579742431641,485149208,1.067888617515564,1.0480479213933913,36.95194955258777,-0.031652788087040085,-0.016784248804891853,1.0959971606731416,1.216433306315498,0.9755610150307851,22.551879310759173,12.579599257433296,-146.65603495339474,21.564263553298815,-77.44812068924082,0
2023-04-26,0.9861339926719666,1.0564440488815308,0.9543020129203796,1.0057740211486816,641146104,0.9861339926719666,1.0057740211486816,1.0564440488815308,0.9543020129203796,641146104,1.0481158196926117,1.0367908434440412,34.814356752251214,-0.03492751159067797,-0.02041290136204908,1.0896219581365585,1.2188273579293138,0.960416558343803,14.269639238021997,14.37852857833648,-114.07764202876318,21.9362176248473,-85.730360761978,1
2023-04-27,1.0125279426574707,1.0292550325393677,0.9830639958381653,0.9862070083618164,523407037,1.0125279426574707,0.9862070083618164,1.0292550325393677,0.9830639958381653,523407037,1.0340732157230377,1.032379406937392,39.83130884428402,-0.034989643549491634,-0.02332824979953759,1.0848694533109664,1.2180156263782522,0.9517232802436806,25.354874111813384,20.725464220198184,-89.2562138618529,22.28160354842803,-74.64512588818661,0
2023-04-28,0.998852014541626,1.0149140357971191,0.984811007976532,1.012518048286438,390900688,0.998852014541626,1.012518048286438,1.0149140357971191,0.984811007976532,390900688,1.0167687118053437,1.026283517410889,38.19114302036386,-0.03573053728658415,-0.025808707296946905,1.0796879559755326,1.2176671993827202,0.941708712568345,19.77203240065601,19.79884858349713,-87.38971513919333,22.602319048895854,-80.227967599344,1
2023-04-29,1.0031019449234009,1.0221699476242065,0.9946330189704895,0.9988570213317871,341500119,1.0031019449234009,0.9988570213317871,1.0221699476242065,0.9946330189704895,341500119,1.0085236012935639,1.0220686860495276,39.031336955777185,-0.0355647981921805,-0.027759925475993628,1.0747469514608383,1.2162207301994892,0.9332731727221876,21.57161454586938,22.23284035277959,-71.54918925271909,22.640973847474942,-78.42838545413062,0
2023-04-30,0.984080970287323,1.014407992362976,0.9795479774475098,1.0031330585479736,354171920,0.984080970287323,1.0031330585479736,1.014407992362976,0.9795479774475098,354171920,1.0022166967391968,1.0151618286382176,36.631305878879616,-0.03654699148585694,-0.02951733867796629,1.0678852021694183,1.212925973150413,0.9228444311884236,13.757120282427595,18.366922409650993,-77.64361834413586,23.007450349172906,-86.24287971757241,0
2023-05-01,0.9601370096206665,0.9876940250396729,0.9494199752807617,0.9838770031929016,382576171,0.9601370096206665,0.9838770031929016,0.9876940250396729,0.9494199752807617,382576171,0.9969627976417541,1.005157316089572,33.81271891364793,-0.03881008575504219,-0.031375888093381474,1.060197651386261,1.2108599032982528,0.9095353994742692,4.571236513349744,13.299990447215572,-95.16796223588864,23.939341444938528,-95.42876348665025,1
2023-05-02,0.976993978023529,0.9799289703369141,0.9540119767189026,0.9601669907569885,347831293,0.976993978023529,0.9601669907569885,0.9799289703369141,0.9540119767189026,347831293,0.9921277940273285,1.0000367091684732,37.46107814138363,-0.03879616970297861,-0.0328599444153009,1.053516349196434,1.2064759586348832,0.900556739757985,12.103040469831809,10.143799088536383,-82.69728352128207,24.804668891006607,-87.89695953016819,1
2023-05-03,1.0065560340881348,1.016361951828003,0.9662200212478638,0.9770069718360901,452439416,1.0065560340881348,0.9770069718360901,1.016361951828003,0.9662200212478638,452439416,0.9924157917499542,1.001222040972048,43.357706165170285,-0.035984918526515974,-0.03348493923754392,1.047110202908516,1.1966296586459597,0.8975907471710722,38.43431095344022,18.36952931220726,-53.11732552170085,24.261847390225974,-61.56568904655978,0
2023-05-04,0.9825419783592224,1.0068960189819336,0.980434000492096,1.006592035293579,322046254,0.9825419783592224,1.006592035293579,1.0068960189819336,0.980434000492096,322046254,0.991677987575531,0.9978256659515343,40.053905950101324,-0.03528793793613483,-0.0338455389772621,1.038135302066803,1.1803531348336664,0.8959174692999395,30.948180128160146,27.161843850477393,-56.07152350662151,23.757798853786817,-69.05181987183985,1
2023-05-05,0.9989330172538757,1.007944941520691,0.9820970296859741,0.9825500249862671,360912082,0.9989330172538757,0.9825500249862671,1.007944941520691,0.9820970296859741,360912082,0.9909858882427216,0.99802700255196,43.23345543443699,-0.033032181516905235,-0.033682867485190726,1.0294372528791427,1.1582730792517597,0.9006014265065256,46.26346232887012,38.548651136823494,-45.99664812079356,23.251205583402974,-53.73653767112988,0
2023-05-06,0.9777910113334656,1.0047249794006348,0.9547479748725891,0.9989820122718811,379359648,0.9777910113334656,0.9989820122718811,1.0047249794006348,0.9547479748725891,379359648,0.9901515901088714,0.9943477314213245,40.26674210084533,-0.03257495765484175,-0.033461285519120934,1.0191337049007416,1.1283952530283643,0.909872156773119,26.509022781674414,34.57355507956823,-69.06064713932142,23.462288138265873,-73.49097721832558,0
2023-05-07,0.965624988079071,0.9853180050849915,0.9655370116233826,0.9777359962463379,316017024,0.965624988079071,0.9777359962463379,0.9853180050849915,0.9655370116233826,316017024,0.9854612946510315,0.9891254144500057,38.62425166529971,-0.03281601822018709,-0.033332232059334166,1.0097672551870347,1.1023859768472708,0.9171485335267986,15.141465142467611,29.304650084337382,-83.93121932401883,23.658293367781422,-84.85853485753239,0
2023-05-08,0.900642991065979,0.9674609899520874,0.8897650241851807,0.9654589891433716,489618922,0.900642991065979,0.9654589891433716,0.9674609899520874,0.8897650241851807,489618922,0.9756403923034668,0.9730377011074554,31.28404410643202,-0.037814660667354616,-0.03422871778093826,0.9962045520544052,1.0666804105205363,0.925728693588274,6.526296215504879,16.058928046548967,-226.6890274671421,25.25786537278782,-93.47370378449511,0
2023-05-09,0.877144992351532,0.9072679877281189,0.8684679865837097,0.9006929993629456,395796867,0.877144992351532,0.9006929993629456,0.9072679877281189,0.8684679865837097,395796867,0.9630446970462799,0.9556026631518328,29.1283522293367,-0.04317452389899612,-0.036017879004549835,0.9857841491699219,1.0617506705742052,0.9098176277656385,4.616016348972561,8.761259235648351,-287.13737656040144,27.033253494820702,-95.38398365102744,1
2023-05-10,0.8773589730262756,0.9033179879188538,0.8466079831123352,0.877219021320343,487199000,0.8773589730262756,0.877219021320343,0.9033179879188538,0.8466079831123352,487199000,0.9523724973201751,0.9413765376744587,29.17621207643424,-0.04686475989390382,-0.03818725518242063,0.977294597029686,1.0614413274370136,0.8931478666223583,16.836291640301287,9.32620140159291,-237.9803044885987,28.955556425933896,-83.16370835969872,0
2023-05-11,0.8425009846687317,0.8773900270462036,0.8331869840621948,0.8773519992828369,387890944,0.8425009846687317,0.8773519992828369,0.8773900270462036,0.8331869840621948,387890944,0.9406088948249817,0.9233991644006901,26.085806389147137,-0.052002593321354706,-0.04095032281020745,0.9687858462333679,1.0696549283190073,0.8679167641477287,4.928486902196677,8.793598297156842,-222.40714836587617,30.899556767922316,-95.07151309780332,1
2023-05-12,0.8650850057601929,0.8678339719772339,0.8225119709968567,0.8423749804496765,473678803,0.8650850057601929,0.8423749804496765,0.8678339719772339,0.8225119709968567,473678803,0.9294179975986481,0.9127965901024179,31.172463316919178,-0.053633764913100124,-0.04348701123078599,0.9607728958129883,1.0676782268961038,0.8538675647298729,21.32298217305703,14.362586905185,-171.44601815506888,32.82916382433497,-78.67701782694297,0
2023-05-13,0.8494070172309875,0.865444004535675,0.8492739796638489,0.865073025226593,295595738,0.8494070172309875,0.865073025226593,0.865444004535675,0.8492739796638489,295595738,0.9137030959129333,0.9012712132167032,29.64714249109592,-0.05555120310938322,-0.045899849606505436,0.9530594438314438,1.0683984917942864,0.8377203958686013,13.874154703970742,13.375207926408152,-135.59454997436816,34.620941805289576,-86.12584529602925,1
2023-05-14,0.8597729802131653,0.8660069704055786,0.8432610034942627,0.849390983581543,285395449,0.8597729802131653,0.849390983581543,0.8660069704055786,0.8432610034942627,285395449,0.9014261960983276,0.8937260799433326,32.0157989142602,-0.05559349293285698,-0.04783857827177575,0.9465520918369293,1.067392672385488,0.8257115112883706,19.221569719300067,18.139568865442616,-112.57305686511705,36.36083471190859,-80.77843028069994,1
2023-05-15,0.8602520227432251,0.8765439987182617,0.8495240211486816,0.8597400188446045,333041728,0.8602520227432251,0.8597400188446045,0.8765439987182617,0.8495240211486816,333041728,0.8875580966472626,0.8876398877251312,32.12952244527233,-0.054954867687507236,-0.04926183615492205,0.939271992444992,1.062465512527964,0.81607847236202,19.468689955271145,17.521471459513986,-91.77758595451706,37.458688572413244,-80.53131004472885,0
2023-05-16,0.8460109829902649,0.8645740151405334,0.836866021156311,0.8602690100669861,349620797,0.8460109829902649,0.8602690100669861,0.8645740151405334,0.836866021156311,349620797,0.8743800938129425,0.8800709959551555,30.496312641034493,-0.054964291333836734,-0.05040232719070499,0.932265841960907,1.0598613457055897,0.8046703382162244,12.122266864641636,16.93750884640428,-94.01761635571282,38.67016797673474,-87.87773313535837,1
2023-05-17,0.8876799941062927,0.9000210165977478,0.8420829772949219,0.845890998840332,445780657,0.8876799941062927,0.845890998840332,0.9000210165977478,0.8420829772949219,445780657,0.8665855944156646,0.8814544501644531,40.092049857631785,-0.05102127716334237,-0.05052611718523247,0.9260234445333481,1.0494492160619182,0.8025976730047779,35.14370876189992,22.244888527270902,-57.14050168293302,38.20877614523497,-64.85629123810007,0
2023-05-18,0.8727009892463684,0.8889080286026001,0.8471980094909668,0.887503981590271,358835288,0.8727009892463684,0.887503981590271,0.8889080286026001,0.8471980094909668,358835288,0.8637913942337037,0.8798629118157104,38.05795856613182,-0.048545488361458,-0.05012999142047758,0.9197158932685852,1.040474482989021,0.7989573035481493,27.065854636169345,24.77727675423697,-59.04623717046027,37.78034087312805,-72.93414536383065,0
2023-05-19,0.8709350228309631,0.878371000289917,0.8650929927825928,0.8726509809494019,261962240,0.8709350228309631,0.8726509809494019,0.878371000289917,0.8650929927825928,261962240,0.8631703972816467,0.878239659273029,37.814372055974296,-0.046193417665353564,-0.04934267666945279,0.9131075471639634,1.0292678845443666,0.7969472097835602,26.574969733666077,29.594844377245114,-51.49371269795463,37.382508120457324,-73.42503026633392,1
2023-05-20,0.877144992351532,0.8786380290985107,0.8653110265731812,0.870993971824646,205588080,0.877144992351532,0.870993971824646,0.8786380290985107,0.8653110265731812,205588080,0.8631489992141723,0.878040628923666,39.28596783243016,-0.043328824335820415,-0.04813990620272632,0.9077607482671738,1.02014440659131,0.7953770899430378,33.55712315005462,29.065982506630018,-44.10185132387624,37.00033038137959,-66.44287684994538,0
2023-05-21,0.8567829728126526,0.8792840242385864,0.8556609749794006,0.8770490288734436,193636551,0.8567829728126526,0.8770490288734436,0.8792840242385864,0.8556609749794006,193636551,0.8645771980285645,0.8741756005398453,36.256280433890595,-0.042215029703694396,-0.04695493090291994,0.9025930464267731,1.0143712118100687,0.7908148810434773,23.643486560182183,27.925193147967622,-52.26994160728051,36.88802228757406,-76.35651343981782,1
2023-05-22,0.8719720244407654,0.8748819828033447,0.8453329801559448,0.856793999671936,247627879,0.8719720244407654,0.856793999671936,0.8748819828033447,0.8453329801559448,247627879,0.8652658998966217,0.8737749503400125,39.97494836042021,-0.039649653383932004,-0.045493875399122356,0.8973419487476348,1.0044143159677186,0.7902695815275511,58.35580216178963,38.51880395734215,-48.40244865184888,37.03488638019761,-41.64419783821037,1
2023-05-23,0.8898800015449524,0.8910030126571655,0.8710209727287292,0.8719660043716431,258878387,0.8898800015449524,0.8719660043716431,0.8910030126571655,0.8710209727287292,258878387,0.8693131983280182,0.8767031414681833,44.11446794585057,-0.035759338681972896,-0.04354696805569247,0.8915081471204758,0.9861334698426253,0.7968828243983263,83.37006712399499,55.12311861532226,-13.988180529059482,36.339009751762774,-16.629932876005014,0
2023-05-24,0.8740220069885254,0.8898590207099915,0.8591189980506897,0.8898590207099915,282652949,0.8740220069885254,0.8898590207099915,0.8898590207099915,0.8591189980506897,282652949,0.8707381010055542,0.8762156624718819,41.392250244317175,-0.033568882698535085,-0.041551350984261,0.8860821485519409,0.9711697927298698,0.800994504374012,66.45680590224748,69.39422506267736,-25.243285948223093,36.01745602638831,-33.54319409775251,1
2023-05-25,0.8900129795074463,0.8979769945144653,0.8606449961662292,0.8740040063858032,328893269,0.8900129795074463,0.8740040063858032,0.8979769945144653,0.8606449961662292,328893269,0.8737141966819764,0.8787242655692572,45.073021377479265,-0.030194528975545643,-0.03927998658251793,0.8806361466646194,0.9482918782663606,0.8129804150628782,87.08791082032566,78.9715946155227,5.815307309811661,35.305490622519514,-12.912089179674343,1
2023-05-26,0.9116250276565552,0.9514189958572388,0.8893839716911316,0.8900189995765686,502982266,0.9116250276565552,0.8900189995765686,0.9514189958572388,0.8893839716911316,502982266,0.8802756011486054,0.8847062223124023,49.67333705516117,-0.02548266932341059,-0.03652052313069647,0.877327847480774,0.9305985453161655,0.8240571496453825,65.26151476679085,72.93541049645467,136.8075503413707,33.05993743271021,-34.73848523320915,1
2023-05-27,0.9209719896316528,0.9224399924278259,0.9082139730453491,0.9115949869155884,241359025,0.9209719896316528,0.9115949869155884,0.9224399924278259,0.9082139730453491,241359025,0.8836048007011413,0.8912999981886296,51.56280756941838,-0.02075501400451174,-0.03336742130545952,0.875095197558403,0.9155861047650371,0.834604290351769,73.42102524611317,75.25681694440989,178.61950852017458,30.97478089931585,-26.57897475388682,1
2023-05-28,0.9418879747390747,0.9538760185241699,0.9188979864120483,0.9209319949150085,271853007,0.9418879747390747,0.9209319949150085,0.9538760185241699,0.9188979864120483,271853007,0.890523499250412,0.9004978121068923,55.58161571018101,-0.015145974540913376,-0.029723131952550295,0.8771574467420578,0.9259859132929802,0.8283289801911353,89.75468416821948,76.14574139370784,245.54055337346827,29.995459885724497,-10.245315831780518,0
2023-05-29,0.9093999862670898,0.9485729932785034,0.9053869843482971,0.9419130086898804,311381909,0.9093999862670898,0.9419130086898804,0.9485729932785034,0.9053869843482971,311381909,0.8943699955940246,0.9021163892269282,48.807754138720114,-0.0131704586621737,-0.02641259729447498,0.8787701964378357,0.9295809387997804,0.827959454075891,61.989545117879764,75.0550848440708,148.7788772774335,28.578562731037685,-38.010454882120236,0
2023-05-30,0.9014719724655151,0.9151099920272827,0.887686014175415,0.9094169735908508,310496126,0.9014719724655151,0.9094169735908508,0.9151099920272827,0.887686014175415,310496126,0.896802693605423,0.9019992225430349,47.293046891630055,-0.012105033263717813,-0.023551084488323548,0.8799758464097976,0.9317309716498267,0.8282207211697686,53.124053624060025,68.28942763671976,71.3788097090713,26.643172048491866,-46.875946375939975,0
2023-05-31,0.8933200240135193,0.9045680165290833,0.8813530206680298,0.9014800190925598,249703507,0.8933200240135193,0.9014800190925598,0.9045680165290833,0.8813530206680298,249703507,0.9004563987255096,0.9004211864467593,45.721798329174945,-0.011782647050115669,-0.02119739700068197,0.882516798377037,0.9315831575622606,0.8334504391918134,44.210153482880756,53.107917408273515,38.562642878978,24.84763936172322,-55.789846517119244,0
2023-06-01,0.8885629773139954,0.8982030153274536,0.8787270188331604,0.8932409882545471,220639687,0.8885629773139954,0.8932409882545471,0.8982030153274536,0.8787270188331604,220639687,0.9021154940128326,0.8982651484226203,44.786699884404506,-0.011775269587567694,-0.019312971518059118,0.8836906969547271,0.9321523645838006,0.8352290293256537,39.827517091787705,45.72057473290949,18.62478475315165,23.271682718759088,-60.172482908212295,1
2023-06-02,0.9001780152320862,0.9084439873695374,0.8843849897384644,0.8885560035705566,229584396,0.9001780152320862,0.8885560035705566,0.9084439873695374,0.8843849897384644,229584396,0.903145295381546,0.8986129423879777,47.60441218800511,-0.010708742686548978,-0.01759212575175709,0.8862292468547821,0.9325115164698986,0.8399469772396656,50.52837648609319,44.855349020253875,43.1485391526295,21.790101350957574,-49.47162351390681,0
2023-06-03,0.8995140194892883,0.9064859747886658,0.8944680094718933,0.9001560211181641,169028400,0.8995140194892883,0.9001560211181641,0.9064859747886658,0.8944680094718933,169028400,0.9056944966316223,0.8987767745882159,47.455315788263384,-0.009804076054845345,-0.016034515812374743,0.8882162988185882,0.9331781182498182,0.8432544793873582,49.916641498036846,46.75751169197258,45.26871622064613,20.414347223713314,-50.083358501963154,0
2023-06-04,0.8933560252189636,0.9063689708709717,0.8928459882736206,0.899528980255127,180971684,0.8933560252189636,0.899528980255127,0.9063689708709717,0.8928459882736206,180971684,0.9060288012027741,0.8977911837938064,46.01589910897612,-0.00947480030450687,-0.01472257271080117,0.8898714989423752,0.9329932993103761,0.8467496985743742,44.24332116086873,48.22944638166626,30.85578316089364,19.067967673975115,-55.75667883913127,0
2023-06-05,0.8362269997596741,0.8933280110359192,0.8303809762001038,0.8933280110359192,345034268,0.8362269997596741,0.8933280110359192,0.8933280110359192,0.8303809762001038,345034268,0.8984889984130859,0.8865976957876005,35.3141902079157,-0.013666146972025395,-0.014511287563046014,0.8893822997808456,0.9346518247429507,0.8441127748187405,4.733812345462119,32.964591668122566,-133.26119665347065,19.630191039120728,-95.26618765453789,0
2023-06-06,0.8237339854240417,0.8363440036773682,0.7936750054359436,0.8362290263175964,459620243,0.8237339854240417,0.8362290263175964,0.8363440036773682,0.7936750054359436,459620243,0.8887651979923248,0.8751679302669534,33.48047479431199,-0.017790819755721055,-0.015167194001581024,0.8861849993467331,0.9397555102336637,0.8326144884598026,18.76328957516891,22.580141027166587,-218.77285258535915,20.939313263421095,-81.23671042483109,0
2023-06-07,0.7652440071105957,0.8236479759216309,0.7618600130081177,0.8236479759216309,404025608,0.7652440071105957,0.8236479759216309,0.8236479759216309,0.7618600130081177,404025608,0.871100801229477,0.8551817624203428,26.53374837699009,-0.025485523827715073,-0.017230859966807836,0.8808121502399444,0.9559341218695839,0.8056901786103049,1.7623500152413756,8.419817311957468,-258.18326023437265,22.701800800722093,-98.23764998475862,1
2023-06-08,0.7813959717750549,0.7843930125236511,0.7578309774398804,0.7653229832649231,276953404,0.7813959717750549,0.7653229832649231,0.7843930125236511,0.7578309774398804,276953404,0.8583003997802734,0.8417661641211995,30.803487794610092,-0.029935228995471963,-0.019771733772540663,0.8763351976871491,0.9630551030366494,0.7896152923376487,12.020194035432294,10.848611208614193,-219.08759459873457,24.40269363275544,-87.9798059645677,0
2023-06-09,0.727711021900177,0.7878739833831787,0.7241910099983215,0.7814450263977051,414939391,0.727711021900177,0.7814450263977051,0.7878739833831787,0.7241910099983215,414939391,0.8409243047237396,0.821028865535559,25.498948810657993,-0.037362883131220825,-0.0232899636442767,0.8688634991645813,0.9770981278227392,0.7606288705064234,1.5325388123706525,5.1050276210147745,-211.2566475461443,26.477008085014365,-98.46746118762935,0
2023-06-10,0.6119580268859863,0.7276399731636047,0.559319019317627,0.7276399731636047,1177044809,0.6119580268859863,0.7276399731636047,0.7276399731636047,0.559319019317627,1177044809,0.8127881050109863,0.7830159857810911,18.21530657533033,-0.05199033958479171,-0.0290300388323797,0.856622251868248,1.0124626792715343,0.7007818244649617,13.341293570819124,8.964675472874022,-275.85234486070107,29.753596398068314,-86.65870642918088,1
2023-06-11,0.6350730061531067,0.6575210094451904,0.5951200127601624,0.6118559837341309,561201492,0.6350730061531067,0.6118559837341309,0.6575210094451904,0.5951200127601624,561201492,0.7874391078948975,0.7561172622123666,22.94849105128455,-0.06101418501759359,-0.03542686806942248,0.844777300953865,1.0277929230093779,0.6617616788983522,19.461326512518454,11.445052965236078,-207.75142892946585,32.796142688761265,-80.53867348748155,1
2023-06-12,0.6430230140686035,0.6513260006904602,0.6212430000305176,0.6350859999656677,437837502,0.6430230140686035,0.6350859999656677,0.6513260006904602,0.6212430000305176,437837502,0.7617236077785492,0.7355546716407734,24.565491726646897,-0.06675464237461992,-0.04169242293046197,0.8324344515800476,1.0339771069384143,0.6308917962216808,23.52617159269059,18.77626389200939,-159.2441475799077,35.621364244404724,-76.47382840730941,1
2023-06-13,0.6443089842796326,0.6729679703712463,0.627938985824585,0.6430590152740479,404342516,0.6443089842796326,0.6430590152740479,0.6729679703712463,0.627938985824585,404342516,0.7362031042575836,0.7189645466660205,24.84025733245879,-0.07038883051642897,-0.047431704447655376,0.8209488004446029,1.0373375583256677,0.6045600425635382,24.343708625665723,22.443735576958257,-127.20552648958918,37.47634040913915,-75.65629137433427,0
2023-06-14,0.6192020177841187,0.6597710251808167,0.6122130155563354,0.6443079710006714,329198020,0.6192020177841187,0.6443079710006714,0.6597710251808167,0.6122130155563354,329198020,0.7087877035140991,0.7008259050511292,23.073209400442877,-0.07443681193752893,-0.05283272594563009,0.8074082523584366,1.0382265563645556,0.5765899483523175,17.15231047513848,21.674063564498265,-119.83981366210784,39.32658821952235,-82.84768952486152,0
2023-06-15,0.5904629826545715,0.6264659762382507,0.563506007194519,0.6192309856414795,544770520,0.5904629826545715,0.6192309856414795,0.6264659762382507,0.563506007194519,544770520,0.6842113018035889,0.6807599191608459,21.213019215789515,-0.07905259719872482,-0.05807670019624904,0.7913501501083374,1.0352486159326049,0.54745168428407,8.920577497142476,16.80553219931556,-124.63042581550354,41.39636998537237,-91.07942250285753,0
2023-06-16,0.5898579955101013,0.5973039865493774,0.5624439716339111,0.5904049873352051,464462559,0.5898579955101013,0.5904049873352051,0.5973039865493774,0.5624439716339111,464462559,0.6608237028121948,0.6642322966788923,21.174318639546343,-0.0818163299567849,-0.06282462614835621,0.7747944504022598,1.026090193058291,0.5234987077462286,8.796625286827442,11.623171086369465,-115.30954990392534,43.32543575873478,-91.20337471317256,1
2023-06-17,0.6136670112609863,0.6302250027656555,0.5867040157318115,0.5898929834365845,407483681,0.6136670112609863,0.5898929834365845,0.6302250027656555,0.5867040157318115,407483681,0.6456660032272339,0.6550386084210912,26.83172944449865,-0.08114997311238215,-0.06648969554116141,0.7583834022283554,1.006739238524116,0.5100275659325948,15.659991220314462,11.12573133476146,-88.37571064919288,43.973068949311674,-84.34000877968553,0
2023-06-18,0.5968070030212402,0.6178159713745117,0.5959479808807373,0.6136339902877808,265351648,0.5968070030212402,0.6136339902877808,0.6178159713745117,0.5959479808807373,265351648,0.6272071063518524,0.6444510438029364,25.439351784413873,-0.08104807056552332,-0.06940137054603379,0.742753753066063,0.990470653005536,0.49503685312658985,11.223645061397377,11.893420522846426,-83.00923499870765,44.57444262627594,-88.77635493860262,1
2023-06-19,0.6140419840812683,0.6192389726638794,0.5942890048027039,0.5968300104141235,225072703,0.6140419840812683,0.5968300104141235,0.6192389726638794,0.5942890048027039,225072703,0.6158402025699615,0.6389221238535422,29.468640143055055,-0.07866973736800476,-0.07125504391042799,0.7283822536468506,0.9708952466896351,0.4858692606040661,19.753801228476487,15.545812503396107,-71.78214531574015,45.15165189596304,-80.24619877152351,1
2023-06-20,0.6311659812927246,0.6312900185585022,0.5929350256919861,0.6140879988670349,265318129,0.6311659812927246,0.6140879988670349,0.6312900185585022,0.5929350256919861,265318129,0.6177609980106353,0.6375119161152116,33.32401940424974,-0.07454383280757626,-0.07191280168985764,0.7152745515108109,0.948886647680512,0.4816624553411097,27.18088963773005,19.386111975867973,-60.30261062315863,45.23580569411388,-72.81911036226995,1
2023-06-21,0.6696950197219849,0.6755669713020325,0.6292290091514587,0.6311450004577637,425041083,0.6696950197219849,0.6311450004577637,0.6755669713020325,0.6292290091514587,425041083,0.6212231993675232,0.6433633894982613,41.12237188583223,-0.06738824260425025,-0.07100788987273617,0.7043311536312103,0.9245703478913265,0.4840919593710941,48.29297882705405,31.742556564420195,-31.48159863820132,43.84165780328107,-51.70702117294595,0
2023-06-22,0.6567909717559814,0.7072880268096924,0.6549239754676819,0.6696069836616516,427209576,0.6567909717559814,0.6696069836616516,0.7072880268096924,0.6549239754676819,427209576,0.622599995136261,0.6458047680905741,39.457850592164576,-0.062043436526519335,-0.0692149992034928,0.6921618014574051,0.8938887091762024,0.4904348937386078,42.647051153261586,39.37363987268189,-16.243417502271654,41.66684134229381,-57.352948846738414,1
2023-06-23,0.6750900149345398,0.6917409896850586,0.6564589738845825,0.6566870212554932,318052995,0.6750900149345398,0.6566870212554932,0.6917409896850586,0.6564589738845825,318052995,0.6256780982017517,0.6511293584258405,42.98242771072827,-0.05568910995534626,-0.06650982135386349,0.6809406012296677,0.8588433405960201,0.5030378618633153,68.77990705949135,53.23997901326899,-8.136242114403213,39.64736891423421,-31.220092940508653,0
2023-06-24,0.6552990078926086,0.6877040266990662,0.6491730213165283,0.6751120090484619,255007502,0.6552990078926086,0.6751120090484619,0.6877040266990662,0.6491730213165283,255007502,0.6292877972126008,0.6518874765107074,40.25299980233791,-0.05165478502736942,-0.06353881408856468,0.6690377503633499,0.8180011990047236,0.5200743017219762,64.10690183039242,58.51128668104845,-8.735476450054657,37.92956809039636,-35.89309816960758,1
2023-06-25,0.6675840020179749,0.679419994354248,0.6507650017738342,0.6551560163497925,262502306,0.6675840020179749,0.6551560163497925,0.679419994354248,0.6507650017738342,262502306,0.6369998991489411,0.6547413902393014,42.68595165958921,-0.046925331093428224,-0.06021611748953739,0.6606056004762649,0.7883384391606343,0.5328727617918956,72.58843330260733,68.49174739749702,4.19590781751344,36.33446732540408,-27.41156669739268,0
2023-06-26,0.6454110145568848,0.6697970032691956,0.6403560042381287,0.6675189733505249,263522736,0.6454110145568848,0.6675189733505249,0.6697970032691956,0.6403560042381287,263522736,0.6425552010536194,0.6530449582970439,39.55515779975385,-0.044453942183749984,-0.057063682428379905,0.6516894519329071,0.7552350377977639,0.5481438660680502,57.280254148011586,64.65852976033712,-4.339947458480028,35.09721293024275,-42.719745851988414,1
2023-06-27,0.6639419794082642,0.6712579727172852,0.6441310048103333,0.6454079747200012,251811031,0.6639419794082642,0.6454079747200012,0.6712579727172852,0.6441310048103333,251811031,0.6475826978683472,0.6550262348627203,43.29820106516096,-0.04053281758336513,-0.053757509459376955,0.6466243505477905,0.736458446689048,0.5567902544065331,70.0739893336845,66.64755892810113,22.929701767527575,33.896663436439574,-29.926010666315513,0
2023-06-28,0.6144899725914001,0.6638579964637756,0.6096400022506714,0.6638579964637756,346578557,0.6144899725914001,0.6638579964637756,0.6638579964637756,0.6096400022506714,346578557,0.6493509948253632,0.6476560053588438,36.75676051010982,-0.04094368839656415,-0.051194745246814395,0.6382790505886078,0.7043504844731957,0.5722076167040199,35.932438438240716,54.42889397331226,-28.601403287537167,33.56307804350614,-64.06756156175928,1
2023-06-29,0.6239010095596313,0.6427839994430542,0.6124879717826843,0.6144030094146729,235799448,0.6239010095596313,0.6144030094146729,0.6427839994430542,0.6124879717826843,235799448,0.6503368973731994,0.6433369152135324,38.65614485561503,-0.04004826299751296,-0.04896544879695411,0.6330885499715805,0.6850442936692268,0.5811328062739342,42.42979654990782,49.47874144061101,-26.29827727279895,33.25332017863938,-57.57020345009218,1
2023-06-30,0.661014974117279,0.6681780219078064,0.619704008102417,0.6238800287246704,464441693,0.661014974117279,0.6238800287246704,0.6681780219078064,0.619704008102417,464441693,0.6533217966556549,0.6465511077414863,45.59548594456453,-0.03592967027858629,-0.046358293093280545,0.6355413973331452,0.6879056092951132,0.5831771853711771,61.62588034782884,46.662705111992466,40.775753554547016,32.01893179592364,-38.37411965217116,1
2023-07-01,0.6766930222511292,0.6766930222511292,0.6515920162200928,0.6610119938850403,257553268,0.6766930222511292,0.6610119938850403,0.6766930222511292,0.6515920162200928,257553268,0.6540215969085693,0.6520314558341486,48.25822040594327,-0.031042727182953866,-0.04329517991121521,0.6376223981380462,0.692969808245625,0.5822749880304674,73.2451232066301,59.10026670145559,86.13766766382071,30.576856676561015,-26.754876793369906,1
2023-07-02,0.6815009713172913,0.6875309944152832,0.6631360054016113,0.6767160296440125,254851614,0.6815009713172913,0.6767160296440125,0.6875309944152832,0.6631360054016113,254851614,0.6564925968647003,0.6573895495583563,49.081264460369496,-0.026476622243115533,-0.03993146837759528,0.6395462960004806,0.6980933948187792,0.5809991971821821,77.44960321079996,70.77353558841963,98.91445396044179,28.86498488636943,-22.550396789200036,1
2023-07-03,0.7137029767036438,0.719340980052948,0.6795979738235474,0.6815189719200134,348005595,0.7137029767036438,0.6815189719200134,0.719340980052948,0.6795979738235474,348005595,0.6603538930416107,0.667628354493863,54.322046540491996,-0.020028640766631467,-0.03595090285540252,0.6430159956216812,0.7099107901639138,0.5761212010794486,95.53976442185275,82.07816361309428,147.48342345011628,27.309962348400923,-4.460235578147251,0
2023-07-04,0.6960920095443726,0.7179809808731079,0.6930090188980103,0.7137389779090881,263697319,0.6960920095443726,0.7137389779090881,0.7179809808731079,0.6930090188980103,263697319,0.6644331932067871,0.6728035645030466,51.21734049730165,-0.0161534202861755,-0.031991406341557116,0.6468604952096939,0.7166156697217929,0.5771053206975949,78.80696145618772,83.93210969628016,126.87419776529885,25.866012848858738,-21.193038543812282,0
2023-07-05,0.6709920167922974,0.705157995223999,0.6628940105438232,0.696120023727417,293161940,0.6709920167922974,0.696120023727417,0.705157995223999,0.6628940105438232,293161940,0.6647739946842194,0.6724741921920012,47.08669744679546,-0.014935472946540185,-0.02858021966255373,0.6508869469165802,0.7163183254754885,0.585455568357672,55.92658859632584,76.75777149145544,71.18357628644593,24.457861094185485,-44.07341140367416,0
2023-07-06,0.6631410121917725,0.6987969875335693,0.6521989703178406,0.670976996421814,381528081,0.6631410121917725,0.670976996421814,0.6987969875335693,0.6521989703178406,381528081,0.6665469944477082,0.6707772503737778,45.841339316976374,-0.014437326845767595,-0.025751641099196504,0.6545510977506638,0.713819024456247,0.5952831710450806,48.769856944694226,61.16780233240261,45.81073588791068,23.453082682654678,-51.230143055305774,1
2023-07-07,0.6765099763870239,0.6793919801712036,0.6577810049057007,0.6630769968032837,263295246,0.6765099763870239,0.6630769968032837,0.6793919801712036,0.6577810049057007,263295246,0.6678037941455841,0.671819564194368,48.346595772412535,-0.012816043419663359,-0.023164521563289877,0.6576932460069657,0.7145732206719941,0.6008132713419372,60.956588971228655,55.217678170749586,40.89175432224621,22.520074157661785,-39.043411028771345,1
2023-07-08,0.6802880167961121,0.685600996017456,0.6723399758338928,0.6764979958534241,214889462,0.6802880167961121,0.6764979958534241,0.685600996017456,0.6723399758338928,214889462,0.6743835985660553,0.6733592828492304,49.06367216980256,-0.01109837319940199,-0.020751291890512297,0.6618672966957092,0.7121297930295063,0.6116048003619121,64.4005331226633,58.04232634619541,61.81770533516718,21.42098060688179,-35.59946687733669,1
2023-07-09,0.6882249712944031,0.699226975440979,0.6788939833641052,0.6802669763565063,254423808,0.6882249712944031,0.6802669763565063,0.699226975440979,0.6788939833641052,254423808,0.6808159947395325,0.6760621352938072,50.6147573417193,-0.008992995622986943,-0.018399632637007227,0.665576446056366,0.7119745136724067,0.6191783784403253,71.63561402831984,65.6642453740706,91.7194324324369,19.90141301437659,-28.364385971680168,1
2023-07-10,0.7364869713783264,0.7472720146179199,0.6740739941596985,0.6882809996604919,504504590,0.7364869713783264,0.6882809996604919,0.7472720146179199,0.6740739941596985,504504590,0.6883631944656372,0.6870484691273561,58.8253426325185,-0.003391038875534158,-0.015397913884712613,0.670842495560646,0.7238585315517867,0.6178264595695053,92.16385559282867,76.06666758127061,198.413823831915,19.88905570539101,-7.836144407171335,1
2023-07-11,0.7421219944953918,0.7471029758453369,0.7344409823417664,0.7364659905433655,330288973,0.7421219944953918,0.7364659905433655,0.7471029758453369,0.7344409823417664,330288973,0.6949060916900635,0.6970618373760897,59.66847666553501,0.001486120407455882,-0.012021107026278914,0.6744638442993164,0.735897820721027,0.6130298678776057,96.25812335811375,86.68586432642076,228.82888602651926,19.877581061332968,-3.741876641886256,0
2023-07-12,0.7242109775543213,0.7539929747581482,0.718762993812561,0.7421150207519531,309059104,0.7242109775543213,0.7421150207519531,0.7539929747581482,0.718762993812561,309059104,0.6991770923137665,0.7019980446812227,55.76007490275979,0.0038615216805112373,-0.008844581284920884,0.6778348445892334,0.7423419624584771,0.6133277267199897,78.95339629158488,89.12512508084244,161.77909541835768,19.26946889777469,-21.04660370841512,1
2023-07-13,0.8496879935264587,0.8775309920310974,0.714381992816925,0.7241550087928772,926894153,0.8496879935264587,0.7241550087928772,0.8775309920310974,0.714381992816925,926894153,0.712775593996048,0.7288507626530838,70.39178519647895,0.015688147636602423,-0.003938035500616223,0.6865647435188293,0.7853651375285402,0.5877643495091185,89.20089818358944,88.13747261109603,279.05077163820476,21.061167697200602,-10.799101816410554,0
2023-07-14,0.8095579743385315,0.8728820085525513,0.7808889746665955,0.8498129844665527,579092396,0.8095579743385315,0.8498129844665527,0.8728820085525513,0.7808889746665955,579092396,0.7241221904754639,0.743524801141347,63.1932925806595,0.02157398527226273,0.0011643686539595673,0.6942776918411255,0.8054240696040941,0.583131314078157,69.9153200776547,79.35653818427635,222.02101405724483,22.724888010953237,-30.084679922345302,0
2023-07-15,0.7994189858436584,0.824442982673645,0.7967209815979004,0.809503972530365,278336105,0.7994189858436584,0.809503972530365,0.824442982673645,0.7967209815979004,278336105,0.7369648873806,0.7536873801781309,61.48256250629925,0.025130730944231572,0.005957641112013969,0.7008694410324097,0.8202350155748876,0.5815038664899317,65.3347067169888,74.81697499274433,161.0640186634864,24.269771159437823,-34.6652932830112,0
2023-07-16,0.7675750255584717,0.8019629716873169,0.7674869894981384,0.7994790077209473,297103359,0.7675750255584717,0.7994790077209473,0.8019629716873169,0.7674869894981384,297103359,0.7474082887172699,0.7562124066109202,56.32517044431729,0.02509070600984198,0.009784254091579573,0.706977641582489,0.8268680061577144,0.5870872770072636,51.202689419549664,62.150905404731056,103.20097087059003,24.682476476948654,-48.797310580450336,1
2023-07-17,0.778918981552124,0.7860569953918457,0.7596079707145691,0.7676079869270325,367352244,0.778918981552124,0.7676079869270325,0.7860569953918457,0.7596079707145691,367352244,0.7576491892337799,0.7603408747820481,57.68685234176364,0.025678344433846978,0.012963072160033055,0.712726491689682,0.8348174415726736,0.5906355418066905,56.2370187205524,57.5914716190303,85.08165486005115,24.80598181071329,-43.7629812794476,0
2023-07-18,0.7383620142936707,0.781898021697998,0.7325969934463501,0.7788709998130798,341554788,0.7383620142936707,0.7788709998130798,0.781898021697998,0.7325969934463501,341554788,0.7634565889835357,0.7563447183296158,51.504226856278194,0.022610800575241008,0.014892617843074645,0.7189200937747955,0.8327362195351763,0.6051039680144147,38.238259844610845,48.55932266157098,46.05410222867092,24.07581441824527,-61.761740155389155,1
2023-07-19,0.7449380159378052,0.7551000118255615,0.7317540049552917,0.7384089827537537,307479962,0.7449380159378052,0.7384089827537537,0.7551000118255615,0.7317540049552917,307479962,0.769127893447876,0.7542707724401956,52.395126201515,0.02047436263398228,0.016008966801256172,0.7249719440937042,0.8305052189206108,0.6194386692667977,41.15662075671535,45.21063310729287,29.835781901636782,23.372144102469495,-58.84337924328465,1
2023-07-20,0.7676100134849548,0.7748630046844482,0.7324150204658508,0.7448980212211609,402810297,0.7676100134849548,0.7448980212211609,0.7748630046844482,0.7324150204658508,402810297,0.7722401976585388,0.7566960889937882,55.43484054793709,0.020375781571127738,0.016882329755230487,0.7303016960620881,0.8331080638711057,0.6274953282530704,49.97907395397572,43.124651518433986,45.05297073246405,23.168095658123494,-50.02092604602428,1
2023-07-21,0.7705579996109009,0.780610978603363,0.7601569890975952,0.767579972743988,256752750,0.7705579996109009,0.767579972743988,0.780610978603363,0.7601569890975952,256752750,0.7750837981700898,0.7592164363787177,55.82978065873041,0.02030151004109071,0.017566165812402532,0.7349949449300766,0.8361402806399572,0.633849609220196,47.866629639678216,46.33410811678977,57.69843211165316,23.10611794215641,-52.133370360321784,0
2023-07-22,0.7462090253829956,0.7748889923095703,0.7438730001449585,0.7704610228538513,218472126,0.7462090253829956,0.7704610228538513,0.7748889923095703,0.7438730001449585,218472126,0.7772836029529572,0.7568514525613136,51.750442005467654,0.018069595541643668,0.01766685175825076,0.7382303476333618,0.8364206612633661,0.6400400340033575,35.45468181384069,44.43346180249822,28.304952864684022,22.488432833516764,-64.5453181861593,1
2023-07-23,0.7575439810752869,0.7664279937744141,0.7420629858970642,0.7462559938430786,200341834,0.7575439810752869,0.7462559938430786,0.7664279937744141,0.7420629858970642,200341834,0.76806920170784,0.7569773668365813,53.45541248917841,0.017019236253523085,0.01753732865730523,0.740422397851944,0.8382814917396175,0.6425633039642704,41.02586187197556,41.44905777516483,25.463404017988882,21.85259538748247,-58.97413812802444,0
2023-07-24,0.7280769944190979,0.7610620260238647,0.7168400287628174,0.7574300169944763,274808798,0.7280769944190979,0.7574300169944763,0.7610620260238647,0.7168400287628174,274808798,0.7599211037158966,0.7517227536697662,48.64318537832249,0.013651710966854802,0.016760205119215145,0.7420216470956802,0.837957130602181,0.6460861635891794,8.394168317388734,28.291570667735005,-13.014163773982277,20.429892801113414,-91.60583168261127,0
2023-07-25,0.7084640264511108,0.7286139726638794,0.705502986907959,0.7280619740486145,240609108,0.7084640264511108,0.7280619740486145,0.7286139726638794,0.705502986907959,240609108,0.7508256077766419,0.7438575305391015,45.694613529233116,0.00929319415544505,0.015266802926461126,0.7438952475786209,0.8355781608449724,0.6522123343122694,1.7212543626442276,17.047094850669517,-57.98012438048211,19.176852724699028,-98.27874563735577,1
2023-07-26,0.7223899960517883,0.7302349805831909,0.7000619769096375,0.7084259986877441,335258142,0.7223899960517883,0.7084259986877441,0.7302349805831909,0.7000619769096375,335258142,0.7463071048259735,0.7399543424504991,48.10020649488791,0.006883399993221406,0.013590122339813184,0.7468576967716217,0.8314679681704564,0.662247425372787,12.581361950349226,7.565594876794073,-59.94915856632518,18.17886760007575,-87.41863804965077,0
2023-07-27,0.716543972492218,0.7347339987754822,0.7136139869689941,0.7224349975585938,240026741,0.716543972492218,0.7224349975585938,0.7347339987754822,0.7136139869689941,240026741,0.7400696039199829,0.7356979115489934,47.155852890249946,0.00445059186144825,0.011762216244140197,0.7488593965768814,0.828464012278602,0.6692547808751608,9.537086312214191,7.946567541735891,-61.56613220058709,17.095785692407524,-90.46291368778581,0
2023-07-28,0.7101219892501831,0.7204089760780334,0.7071319818496704,0.7165459990501404,215792386,0.7101219892501831,0.7165459990501404,0.7204089760780334,0.7071319818496704,215792386,0.7372456014156341,0.7310477438583006,46.085455898834404,0.001981531649310475,0.009806079325174253,0.750351095199585,0.8257679679945102,0.6749342224046597,8.088061580425606,10.068836614329683,-90.82200338026469,16.306749838241423,-91.9119384195744,1
2023-07-29,0.718904972076416,0.7234159708023071,0.7087860107421875,0.7100870013237,194631163,0.718904972076416,0.7100870013237,0.7234159708023071,0.7087860107421875,194631163,0.7346422970294952,0.7288399671706852,47.829633528224,0.0007251380145509856,0.0079898910630496,0.7518850952386856,0.8233283087392359,0.6804418817381354,18.491473226428173,12.038873706356,-87.58856505976668,15.457525548299772,-81.50852677357183,0
2023-07-30,0.6975640058517456,0.7190009951591492,0.6886889934539795,0.7189000248908997,233376803,0.6975640058517456,0.7189000248908997,0.7190009951591492,0.6886889934539795,233376803,0.7276376962661744,0.7231534287490599,44.09672110682035,-0.001969892913961546,0.005997934267647371,0.7499389469623565,0.8249837235266475,0.6748941703980655,9.1149168321535,11.89815054633577,-120.08629758017597,15.349645215539756,-90.8850831678465,0
2023-07-31,0.6879289746284485,0.7069680094718933,0.6842219829559326,0.6975430250167847,223377168,0.6879289746284485,0.6975430250167847,0.7069680094718933,0.6842219829559326,223377168,0.7193747937679291,0.7167489825453123,42.48457014253907,-0.00482754193942414,0.0038328390262330697,0.7472292959690094,0.8269737380333789,0.66748485390464,3.795190427720945,10.467193495434218,-124.55990266789445,15.392742376428146,-96.20480957227906,1
2023-08-01,0.7013109922409058,0.7013109922409058,0.6706529855728149,0.6879000067710876,301727240,0.7013109922409058,0.6879000067710876,0.7013109922409058,0.6706529855728149,301727240,0.7148849904537201,0.7139420752172383,45.46662051847328,-0.005943914649098492,0.0018774882911667574,0.7460842967033386,0.8277522921104092,0.664416301296268,27.881562606888917,13.59722328892113,-116.26798429953497,15.858085401684288,-72.11843739311108,0
2023-08-02,0.6809149980545044,0.702243983745575,0.6796259880065918,0.7013030052185059,273650353,0.6809149980545044,0.7013030052185059,0.702243983745575,0.6796259880065918,273650353,0.7072220921516419,0.7079371520967412,41.90078935548765,-0.008377859588652115,-0.00017358128479701682,0.7376456469297409,0.80897222354741,0.6663190703120717,9.332666229037576,13.669806421215823,-112.7831482134541,16.244746249570305,-90.66733377096243,0
2023-08-03,0.6680999994277954,0.6840980052947998,0.6640909910202026,0.6808609962463379,303790793,0.6680999994277954,0.6808609962463379,0.6840980052947998,0.6640909910202026,303790793,0.7012243926525116,0.7006940334296601,39.78928212530379,-0.011211601416488248,-0.002381185311135263,0.7305727481842041,0.8000019912735598,0.6611435050948485,3.440618636121585,13.551615824016034,-134.85315373513183,17.085004773141286,-96.55938136387842,0
2023-08-04,0.6640239953994751,0.6768530011177063,0.6596630215644836,0.668097972869873,239066896,0.6640239953994751,0.668097972869873,0.6768530011177063,0.6596630215644836,239066896,0.696780389547348,0.6940267537878082,39.114125219764176,-0.01362915329620884,-0.004630778908149979,0.7238029986619949,0.7914409183007237,0.6561650790232662,3.7847143372210734,5.519333067460088,-135.9093180779722,17.996860372841358,-96.21528566277892,1
2023-08-05,0.666487991809845,0.6674739718437195,0.6588039994239807,0.6640160083770752,217776578,0.666487991809845,0.6640160083770752,0.6674739718437195,0.6588039994239807,217776578,0.6911901891231537,0.6890197061554513,39.77935875678256,-0.015171370544778573,-0.006738897235475699,0.7187486469745636,0.787643539553777,0.6498537543953503,7.139664748777574,4.788332574040087,-131.27105779613228,18.870234522678913,-92.86033525122242,1
2023-08-06,0.6666799783706665,0.6746609807014465,0.6641510128974915,0.666500985622406,224455382,0.6666799783706665,0.666500985622406,0.6746609807014465,0.6641510128974915,224455382,0.6862037897109985,0.6849579374673085,39.83451827004322,-0.016191452133025197,-0.008629408214985599,0.7131366968154907,0.7797600088207565,0.646513384810225,7.702064286359622,6.208814457452767,-111.69349187037112,19.255838351434523,-92.29793571364037,0
2023-08-07,0.6651419997215271,0.679311990737915,0.6513190269470215,0.666700005531311,298678121,0.6651419997215271,0.666700005531311,0.679311990737915,0.6513190269470215,298678121,0.681705790758133,0.6813550396953483,39.522212178059576,-0.016928831137046907,-0.01028929279939786,0.7094756960868835,0.7781669535995013,0.6407844385742658,16.571333025121636,10.471020686752952,-106.08869554799435,20.0511151029111,-83.42866697487837,1
2023-08-08,0.6856099963188171,0.6943230032920837,0.6623430252075195,0.6651139855384827,323241215,0.6856099963188171,0.6651139855384827,0.6943230032920837,0.6623430252075195,323241215,0.678376293182373,0.6821286681723425,45.63134021048697,-0.0156808539200487,-0.011367605023528028,0.7065092951059342,0.7739310261634181,0.6390875640484502,41.10889043074133,21.794095914074205,-62.80525013761326,19.928884829031198,-58.89110956925867,1
2023-08-09,0.6900140047073364,0.6986160278320312,0.6826459765434265,0.685617983341217,270868453,0.6900140047073364,0.685617983341217,0.6986160278320312,0.6826459765434265,270868453,0.6776212930679322,0.6835623657241596,46.87482698963216,-0.014173077893743335,-0.01192869959757109,0.7026294946670533,0.76421876140068,0.6410402279334265,46.38852823674088,34.689583897534625,-34.52844529548631,19.58145311342148,-53.61147176325912,0
2023-08-10,0.6849750280380249,0.6986920237541199,0.68402498960495,0.6900209784507751,259293296,0.6849750280380249,0.6900209784507751,0.6986920237541199,0.68402498960495,259293296,0.6773258984088898,0.6838192134175897,45.59001041825034,-0.013232224981868046,-0.012189404674430483,0.6983503460884094,0.7518243865955859,0.6448763055812329,46.68159188350394,44.72633685032873,-31.05665857713799,19.254503998234046,-53.31840811649606,0
2023-08-11,0.6807039976119995,0.6878060102462769,0.6766080260276794,0.6849790215492249,191108555,0.6807039976119995,0.6849790215492249,0.6878060102462769,0.6766080260276794,191108555,0.6752651989459991,0.683252810543846,44.47721822626636,-0.012685003902767056,-0.012288524520097798,0.6950750946998596,0.7442762329760835,0.6458739564236358,40.75758151962738,44.60923387995742,-47.511253531622565,19.269719144011106,-59.24241848037262,1
2023-08-12,0.6817169785499573,0.6827729940414429,0.6775889992713928,0.680732011795044,155953454,0.6817169785499573,0.680732011795044,0.6827729940414429,0.6775889992713928,155953454,0.6753453969955444,0.6829735683631389,44.82122714890644,-0.012030903393859038,-0.012237000294850049,0.6912837445735931,0.7315139591513695,0.6510535299958167,44.91292497236937,44.11736612516691,-45.93669198272536,19.283847493661227,-55.08707502763063,0
2023-08-13,0.6773269772529602,0.6887779831886292,0.6754689812660217,0.6816959977149963,178775055,0.6773269772529602,0.6816959977149963,0.6887779831886292,0.6754689812660217,178775055,0.6762680947780609,0.6819469154340155,43.56157643491991,-0.011731526706653339,-0.012135905577210709,0.6887462437152863,0.7256369491371129,0.6518555382934597,46.73571577757903,44.135407423191936,-41.183919971763004,18.895972975639875,-53.26428422242097,1
2023-08-14,0.6793490052223206,0.684224009513855,0.6730650067329407,0.6773380041122437,211288256,0.6793490052223206,0.6773380041122437,0.684224009513855,0.6730650067329407,211288256,0.6778005957603455,0.6814745681227982,44.337530579823806,-0.011201978333575613,-0.011949120128483691,0.6872904926538468,0.7232397726044069,0.6513412127032867,55.04173206504373,48.896790938330724,-43.25431781348173,18.65798844762062,-44.95826793495627,0
2023-08-15,0.6386299729347229,0.6793469786643982,0.6326299905776978,0.6793469786643982,294209268,0.6386299729347229,0.6793469786643982,0.6793469786643982,0.6326299905776978,294209268,0.6750147938728333,0.6736846417249662,34.154011597248854,-0.013907674026231054,-0.012340830908033165,0.6831024914979935,0.7211730512830636,0.6450319317129234,8.618931459018485,36.798793100547094,-161.9526040886676,20.032444758520874,-91.38106854098152,0
2023-08-16,0.6232420206069946,0.6386430263519287,0.6096060276031494,0.6386430263519287,342369893,0.6232420206069946,0.6386430263519287,0.6386430263519287,0.6096060276031494,342369893,0.670670998096466,0.6645132560671532,31.23438443761536,-0.017096558027802966,-0.013291976331987126,0.6784373939037323,0.721510629734508,0.6353641580729565,15.30655051635371,26.322404680138657,-251.0854393405064,21.927830415191927,-84.69344948364629,0
2023-08-17,0.5740789771080017,0.6267629861831665,0.546405017375946,0.6232569813728333,418679962,0.5740789771080017,0.6232569813728333,0.6267629861831665,0.546405017375946,418679962,0.6615646958351136,0.6480706598927619,24.1355697329505,-0.02332197707707029,-0.015297976481003759,0.6716352432966233,0.7320304396964611,0.6112400468967855,18.172239635030326,14.032573870134186,-313.87486694412706,24.802604672446314,-81.82776036496968,1
2023-08-18,0.5778149962425232,0.5835819840431213,0.5664899945259094,0.5741620063781738,303517081,0.5778149962425232,0.5741620063781738,0.5835819840431213,0.5664899945259094,303517081,0.6507851958274842,0.6352969028654457,25.520865554946766,-0.027635634611183235,-0.017765508107039654,0.6645807445049285,0.7335885573600122,0.5955729316498449,20.62551468677298,18.034768279385684,-255.49769829379514,27.47203791132539,-79.37448531322703,0
2023-08-19,0.57676100730896,0.587369978427887,0.5741270184516907,0.5778359770774841,209859583,0.57676100730896,0.5778359770774841,0.587369978427887,0.5741270184516907,209859583,0.6394598960876465,0.6246540127642665,25.38006360401596,-0.03078442370969059,-0.020369291227569843,0.6585405945777894,0.735618650682573,0.5814625384730057,19.933407750908824,19.577054024237388,-186.2939660352668,29.720286025253905,-80.06659224909117,1
2023-08-20,0.580223023891449,0.5806670188903809,0.5719320178031921,0.5767549872398376,217843754,0.580223023891449,0.5767549872398376,0.5806670188903809,0.5719320178031921,217843754,0.6289846956729889,0.6165756511510269,26.808470285324702,-0.03262443180923791,-0.02282031934390346,0.6531552970409393,0.7360951186822481,0.5702154753996306,22.206757700340358,20.921893379340734,-151.95671058731722,31.843911550694866,-77.79324229965964,0
2023-08-21,0.5579749941825867,0.5803589820861816,0.5540919899940491,0.580223023891449,270050222,0.5579749941825867,0.580223023891449,0.5803589820861816,0.5540919899940491,270050222,0.6167117953300476,0.605920986247674,23.672396193650343,-0.03546901680065295,-0.02535005883525336,0.6459884971380234,0.7355520262383296,0.5564249680377172,7.597481283405716,16.57921557821831,-145.34179585420495,34.09664932376342,-92.40251871659429,0
2023-08-22,0.5483030080795288,0.558106005191803,0.5305600166320801,0.5579370260238647,349326558,0.5483030080795288,0.5579370260238647,0.558106005191803,0.5305600166320801,349326558,0.6033703982830048,0.5954449902171022,22.44323583455804,-0.038065029382767235,-0.027893052944756136,0.6393578976392746,0.7368785888146131,0.5418372064639362,10.55301233308293,13.452417105609678,-145.194385202321,36.505084975520916,-89.44698766691707,1
2023-08-23,0.556896984577179,0.5682719945907593,0.5456550121307373,0.5483649969100952,301542437,0.556896984577179,0.5483649969100952,0.5682719945907593,0.5456550121307373,301542437,0.5913273990154266,0.5884362619189343,26.1142832725714,-0.038979593487086794,-0.03011036105322227,0.6337977468967437,0.7366634985138858,0.5309319952796017,15.664458181351517,11.271650599280065,-109.70892567341004,38.10242914582635,-84.33554181864848,0
2023-08-24,0.5471140146255493,0.5597749948501587,0.5393069982528687,0.5569149851799011,231067164,0.5471140146255493,0.5569149851799011,0.5597749948501587,0.5393069982528687,231067164,0.5781038999557495,0.5809231260474097,24.682053036428584,-0.04003232828305592,-0.032094754499189,0.6279522478580475,0.7364177819603464,0.5194867137557486,10.462780146749411,12.22675022039463,-105.54995803332996,39.68736486172974,-89.53721985325059,0
2023-08-25,0.5461940169334412,0.5542629957199097,0.5377179980278015,0.5471289753913879,274560763,0.5461940169334412,0.5471289753913879,0.5542629957199097,0.5377179980278015,274560763,0.5688603043556213,0.5746087425721427,24.545716847785457,-0.040474301762082554,-0.03377066395176771,0.6219375491142273,0.73445397741064,0.5094211208178145,9.88130529144002,12.002847873180329,-96.63710318805825,41.18530937430017,-90.11869470855999,1
2023-08-26,0.5481119751930237,0.5484640002250671,0.5444089770317078,0.5461959838867188,191110109,0.5481119751930237,0.5461959838867188,0.5484640002250671,0.5444089770317078,191110109,0.5613472998142243,0.5697911485032119,25.469985387955717,-0.040206332156429214,-0.035057797592700016,0.6160091489553452,0.7309396888505876,0.5010786090601028,11.09353061661952,10.479205351602994,-85.37206668939291,42.57625785025842,-88.90646938338048,1
2023-08-27,0.5559629797935486,0.5607140064239502,0.5457310080528259,0.5481029748916626,228209581,0.5559629797935486,0.5481029748916626,0.5607140064239502,0.5457310080528259,228209581,0.559535700082779,0.5672769360105459,29.288338423185806,-0.038911901674961724,-0.03582861840915236,0.6105501979589463,0.7259977163298775,0.49510267958801496,16.53150011597895,12.502112008012842,-69.69129828784409,42.99181523453156,-83.46849988402104,1
2023-08-28,0.5620250105857849,0.5665389895439148,0.548583984375,0.5559689998626709,254320937,0.5620250105857849,0.5559689998626709,0.5665389895439148,0.548583984375,254320937,0.5579567015171051,0.5663220404787711,32.17765586351004,-0.03697072546047153,-0.036057039819416194,0.6043709486722946,0.7162617039069219,0.49248019343766725,21.1476822457537,16.257570992784068,-58.54286201884527,42.97891827083039,-78.8523177542463,1
2023-08-29,0.5933740139007568,0.6150839924812317,0.5526750087738037,0.5620309710502625,411674726,0.5933740139007568,0.5620309710502625,0.6150839924812317,0.5526750087738037,411674726,0.5596180021762848,0.5712405811009503,44.75024813537038,-0.032527766903075794,-0.035351185236148115,0.5995389491319656,0.7043406100644809,0.49473728819945034,58.11643979149984,31.93187405107751,-18.56358746826869,40.39203658865483,-41.88356020850016,0
2023-08-30,0.575082004070282,0.5940459966659546,0.5687500238418579,0.5933870077133179,270003080,0.575082004070282,0.5933870077133179,0.5940459966659546,0.5687500238418579,270003080,0.5591039001941681,0.5719390216408288,40.081327379315574,-0.03013532133144392,-0.034308012455207273,0.5940442979335785,0.6916270171190348,0.4964615787481221,46.27922365178083,41.8477818963448,-24.522523326972863,37.98993216949181,-53.72077634821917,0
2023-08-31,0.5494040250778198,0.5862720012664795,0.5458030104637146,0.5751169919967651,286583421,0.5494040250778198,0.5751169919967651,0.5862720012664795,0.5458030104637146,286583421,0.5582468032836914,0.5678417495384634,34.620716790759175,-0.0299658614860433,-0.03343958226137448,0.5874792993068695,0.6782898732407968,0.49666872537294215,22.294275980782427,42.22997980802105,-51.24436586746408,36.5689728578141,-77.70572401921757,0
2023-09-01,0.5405499935150146,0.5532220005989075,0.5343179702758789,0.5494139790534973,244266527,0.5405499935150146,0.5494139790534973,0.5532220005989075,0.5343179702758789,244266527,0.55747150182724,0.5628796120796545,32.95359685279131,-0.030197907014046677,-0.032791247211908923,0.5804209500551224,0.6623453241581151,0.49849657595212976,11.819104322261767,26.79753465160835,-84.29431778686526,35.60925462193315,-88.18089567773823,1
2023-09-02,0.5408200025558472,0.5465459823608398,0.5370659828186035,0.5405589938163757,195924087,0.5408200025558472,0.5405589938163757,0.5465459823608398,0.5370659828186035,195924087,0.5558638036251068,0.5588687739844168,33.05945930011826,-0.030014034190688932,-0.032235804607664925,0.5735956013202668,0.6440282139217589,0.5031629887187746,12.138551009571412,15.417310437538546,-86.35688114496628,34.71808768861511,-87.86144899042858,1
2023-09-03,0.5421730279922485,0.5454720258712769,0.5386019945144653,0.540835976600647,175773394,0.5421730279922485,0.540835976600647,0.5454720258712769,0.5386019945144653,175773394,0.5553697049617767,0.5558331838040226,33.625025118788884,-0.029420000357625153,-0.03167264375765697,0.5667368024587631,0.6190177699911096,0.5144558349264167,13.739310347745574,12.565655226526262,-82.9184348334004,33.89057553624836,-86.26068965225443,1
2023-09-04,0.5536659955978394,0.5537499785423279,0.5405750274658203,0.5421649813652039,217401122,0.5536659955978394,0.5421649813652039,0.5537499785423279,0.5405750274658203,217401122,0.5561169028282166,0.5554391495847165,38.3868992165678,-0.027702500646857087,-0.030878615135496997,0.562488603591919,0.6032507723007992,0.5217264348830388,27.336597377998515,17.738152911771845,-56.124731512305544,32.66084234728187,-72.66340262200148,1
2023-09-05,0.5582370162010193,0.5655959844589233,0.55110102891922,0.5536980032920837,224922289,0.5582370162010193,0.5536980032920837,0.5655959844589233,0.55110102891922,224922289,0.5571294069290161,0.5559478526058624,40.2237254092781,-0.025676543382077477,-0.029838200784813095,0.5592383533716202,0.5889825554140337,0.5294941513292067,29.615233327109603,23.563713684284576,-8.282584130147367,30.89566285869623,-70.3847666728904,1
2023-09-06,0.5586599707603455,0.5667290091514587,0.5453900098800659,0.5582349896430969,236675413,0.5586599707603455,0.5582349896430969,0.5667290091514587,0.5453900098800659,236675413,0.5573991060256958,0.5564409649975866,40.40077739753131,-0.023762904780926797,-0.02862314158403584,0.5584674030542374,0.5874218186118764,0.5295129874965984,30.138912156123595,29.03024762041058,-9.884988144677138,29.502335211283743,-69.8610878438764,0
2023-09-07,0.5549799799919128,0.56392502784729,0.550728976726532,0.5586509704589844,210959575,0.5549799799919128,0.5586509704589844,0.56392502784729,0.550728976726532,210959575,0.5566946029663086,0.5561753313601913,39.30981284258529,-0.022286373462055087,-0.02735578795963969,0.5573256522417068,0.5849066303262495,0.5297446741571642,25.582552107740867,28.445565863658032,-7.0524542534440595,28.208530967257865,-74.41744789225913,0
2023-09-08,0.5434659719467163,0.557578980922699,0.5377349853515625,0.5549860000610352,214684321,0.5434659719467163,0.5549860000610352,0.557578980922699,0.5377349853515625,214684321,0.5517037987709046,0.5538645387395594,36.031379960650185,-0.021794067532503902,-0.026243443874212534,0.5556609004735946,0.5823535268067245,0.5289682741404648,11.326547254708203,22.349337172857563,-67.23648947599465,27.57537393405121,-88.6734527452918,0
2023-09-09,0.5402200222015381,0.5435150265693665,0.5401690006256104,0.5434589982032776,131398133,0.5402200222015381,0.5434589982032776,0.5435150265693665,0.5401690006256104,131398133,0.5482176005840301,0.5513837175508283,35.14159165169271,-0.021418928478681765,-0.025278540795106382,0.5536607503890991,0.5786311020510552,0.5286903987271431,7.307592678828276,14.73889734709246,-94.11223407533,26.98744240321646,-92.69240732117173,0
2023-09-10,0.5234670042991638,0.5402100086212158,0.5159990191459656,0.5402100086212158,209186718,0.5234670042991638,0.5402100086212158,0.5402100086212158,0.5159990191459656,209186718,0.5456238985061646,0.546307951505071,30.90024588052141,-0.022217348842073936,-0.024666302404499896,0.551935350894928,0.5800462094579557,0.5238244923319002,7.536950257764517,8.723696730433678,-174.9126079858446,27.37624714829767,-92.46304974223548,0
2023-09-11,0.5034430027008057,0.5240359902381897,0.49461299180984497,0.5234580039978027,225645646,0.5034430027008057,0.5234580039978027,0.5240359902381897,0.49461299180984497,225645646,0.5419131994247437,0.5385143244497501,26.745243228748095,-0.024187058954092566,-0.024570453714418433,0.5496923506259919,0.5848741492175223,0.5145105520344614,7.329573790996097,7.391372242529641,-248.6720032131522,28.383545613844184,-92.6704262090039,1
2023-09-12,0.5067049860954285,0.5172640085220337,0.5017430186271667,0.5034400224685669,223838314,0.5067049860954285,0.5034400224685669,0.5172640085220337,0.5017430186271667,223838314,0.5385016977787018,0.5327308083853279,28.433485591834952,-0.02519442792827875,-0.024695248557190498,0.5471827507019043,0.5868282792871261,0.5075372221166824,12.16094626033069,9.009156769697114,-201.6184053027115,29.318894188994523,-87.83905373966931,1
2023-09-13,0.5139170289039612,0.5208330154418945,0.5058410167694092,0.5067179799079895,210101064,0.5139170289039612,0.5067179799079895,0.5208330154418945,0.5058410167694092,210101064,0.535676097869873,0.5293101212068976,32.15628647398921,-0.025121241482549905,-0.024780447142262383,0.5455229014158249,0.5877374515450117,0.5033083512866382,21.060708825627543,13.517076292318123,-149.00763418959113,29.93214647643479,-78.93929117437246,1
2023-09-14,0.5221379995346069,0.5266749858856201,0.5138009786605835,0.5139080286026001,203993346,0.5221379995346069,0.5139080286026001,0.5266749858856201,0.5138009786605835,203993346,0.5325232982635498,0.5280060990846629,36.228548624407296,-0.02412181579547379,-0.024648720872904664,0.5443201005458832,0.5877431586011367,0.5008970424906297,38.16767583597404,23.7964436406441,-100.27895309221309,30.081652544131206,-61.83232416402596,1
2023-09-15,0.5299040079116821,0.533951997756958,0.5162559747695923,0.5221319794654846,200264327,0.5299040079116821,0.5221319794654846,0.533951997756958,0.5162559747695923,200264327,0.5296899974346161,0.5283511734168481,39.89858408929164,-0.022444386844801545,-0.02420785406728404,0.5434097021818161,0.5872381832511432,0.499581221112489,48.936446302440025,36.05494365468055,-68.299175240561,29.710334153042133,-51.063553697559975,0
2023-09-16,0.5287209749221802,0.5352889895439148,0.5255129933357239,0.5298849940299988,180516988,0.5287209749221802,0.5298849940299988,0.5352889895439148,0.5255129933357239,180516988,0.5266960978507995,0.5284184100541811,39.52541634517378,-0.02096875839720047,-0.02356003493326733,0.5420476019382476,0.5859241249373685,0.4981710789391268,47.2959882833873,44.800036807267134,-50.82336236302438,29.271072040414072,-52.7040117166127,0
2023-09-17,0.5174720287322998,0.528702974319458,0.5152230262756348,0.528702974319458,174765549,0.5174720287322998,0.528702974319458,0.528702974319458,0.5152230262756348,174765549,0.5229453027248383,0.5264281589047481,36.07078379998226,-0.020471030866253348,-0.022942234119864534,0.5398199528455734,0.5839365254345451,0.4957033802566016,31.697586424069307,42.64334033663223,-78.58453233303747,29.30376231628083,-68.30241357593069,1
2023-09-18,0.5264970064163208,0.5346940159797668,0.5136240124702454,0.5174520015716553,212849349,0.5264970064163208,0.5174520015716553,0.5346940159797668,0.5136240124702454,212849349,0.5212484061717987,0.526440676634125,40.559545105208606,-0.01912784405819612,-0.02217935610753085,0.5364761024713516,0.5734008817517767,0.4995513231909264,44.21211234591778,41.068562351124804,-52.99657740962652,28.887867351556814,-55.78788765408222,1
2023-09-19,0.544655978679657,0.5448949933052063,0.5251560211181641,0.5264909863471985,209249424,0.544655978679657,0.5264909863471985,0.5448949933052063,0.5251560211181641,209249424,0.5216920018196106,0.5297525497333126,48.4088649621056,-0.016408929608560885,-0.02102527080773686,0.5349548012018204,0.5676577191450372,0.5022518832586036,69.39233295809757,48.434010576028236,12.27468365111117,27.786003957372035,-30.607667041902427,0
2023-09-20,0.541487991809845,0.5485600233078003,0.5359899997711182,0.5446609854698181,216964681,0.541487991809845,0.5446609854698181,0.5485600233078003,0.5359899997711182,216964681,0.5234941005706787,0.5318862664745003,47.236917236699625,-0.014344446532409516,-0.01968910595267139,0.5345589995384217,0.5667402783811615,0.5023777206956819,67.62894683208599,60.41113071203379,36.52126529579175,26.516150326613545,-32.37105316791402,0
2023-09-21,0.5201519727706909,0.5432220101356506,0.5193219780921936,0.5414850115776062,255574808,0.5201519727706909,0.5414850115776062,0.5432220101356506,0.5193219780921936,255574808,0.5251649975776672,0.5297527585283531,40.18147948301026,-0.014265523173506378,-0.01860438939683839,0.5335390985012054,0.5661858134621782,0.5008923835402326,40.55996152950509,59.19374710656289,-31.967565767630386,26.170976627956115,-59.44003847049491,1
2023-09-22,0.520995020866394,0.5241600275039673,0.517454981803894,0.5201519727706909,167780325,0.520995020866394,0.5201519727706909,0.5241600275039673,0.517454981803894,167780325,0.5265940010547638,0.5281604425898151,40.55926926052376,-0.013973866868457807,-0.017678284891162275,0.5325478494167328,0.5654529578761222,0.4996427409573435,48.90357879571,52.36416238576704,-59.576106763086784,25.936657129644882,-51.09642120429,0
2023-09-23,0.5207509994506836,0.5230290293693542,0.5198230147361755,0.520995020866394,131725692,0.5207509994506836,0.520995020866394,0.5230290293693542,0.5198230147361755,131725692,0.5272773981094361,0.526813271109973,40.479577983733854,-0.013605580966115083,-0.016863744106152836,0.5314767479896545,0.5644534284010905,0.4985000675782186,48.45124359035269,45.97159463852261,-53.09568896764692,25.719074738355882,-51.54875640964731,0
2023-09-24,0.5135890245437622,0.5259109735488892,0.5128200054168701,0.5207610130310059,147333782,0.5135890245437622,0.5207610130310059,0.5259109735488892,0.5128200054168701,147333782,0.5264225006103516,0.5244088626433892,38.11267924081825,-0.013733314158095422,-0.016237658116541355,0.5294728994369506,0.5616741634338986,0.49727163544000264,35.175304751729406,44.176709045930714,-67.02896667367405,25.863045411411267,-64.8246952482706,1
2023-09-25,0.5193650126457214,0.5197240114212036,0.5100950002670288,0.5135959982872009,193327330,0.5193650126457214,0.5135959982872009,0.5197240114212036,0.5100950002670288,193327330,0.5253686010837555,0.5234917990074496,41.10363751336867,-0.013216122432475386,-0.01563335097972816,0.5275292992591858,0.5571396026826657,0.49791899583570587,37.64015690188794,40.42223508132336,-69.00177351871667,26.12913454281114,-62.35984309811206,0
2023-09-26,0.5100600123405457,0.5245540142059326,0.5093629956245422,0.5193449854850769,210114077,0.5100600123405457,0.5193449854850769,0.5245540142059326,0.5093629956245422,210114077,0.523502504825592,0.5210496559771034,37.92386500818911,-0.01340258338481004,-0.015187197460744538,0.5250993013381958,0.5519388610349006,0.49825974164149106,9.876155634248912,27.563872429288764,-75.72738663637561,25.94416572365174,-90.12384436575108,0
2023-09-27,0.5034360289573669,0.5160959959030151,0.5019909739494324,0.5100629925727844,246198499,0.5034360289573669,0.5100629925727844,0.5160959959030151,0.5019909739494324,246198499,0.5220989048480987,0.5178471783371513,35.800648822215976,-0.013924343963390706,-0.014934626761273773,0.5225221037864685,0.5472017038342465,0.49784250373869043,3.1030373774956836,16.873116637877526,-120.27210564852972,26.161567666827953,-96.89696262250432,1
2023-09-28,0.5195900201797485,0.5227710008621216,0.5031980276107788,0.5034229755401611,259295498,0.5195900201797485,0.5034229755401611,0.5227710008621216,0.5031980276107788,259295498,0.5214082062244415,0.518164058672169,44.03027468089959,-0.012885811282562831,-0.014524863665531584,0.5213283061981201,0.5440741266481077,0.4985824857481325,37.79129373005725,16.92349558060063,-56.58105696935786,25.764870659386396,-62.20870626994275,1
2023-09-29,0.5257589817047119,0.5270040035247803,0.5179150104522705,0.5196110010147095,242376756,0.5257589817047119,0.5196110010147095,0.5270040035247803,0.5179150104522705,242376756,0.519518506526947,0.5195449537689949,46.833171492807296,-0.011433188333682898,-0.013906528599161848,0.5206052541732789,0.5417671992965122,0.4994433090500456,51.03820688366426,30.644179330405745,22.812294225368934,25.030518708200223,-48.96179311633574,1
2023-09-30,0.5332810282707214,0.536532998085022,0.5247740149497986,0.525771975517273,231392230,0.5332810282707214,0.525771975517273,0.536532998085022,0.5247740149497986,231392230,0.5186978101730346,0.5220424218602179,50.11370036497143,-0.009564751387457826,-0.013038173156821046,0.5210959553718567,0.5429445685491474,0.499247342194566,67.19066580144093,52.00672213838749,92.27632508236182,23.57837955137857,-32.809334198559064,1
2023-10-01,0.5685319900512695,0.5737529993057251,0.5331040024757385,0.5332689881324768,359188208,0.5685319900512695,0.5332689881324768,0.5737529993057251,0.5331040024757385,359188208,0.5235358119010926,0.5304950706222272,61.95959526479635,-0.005179833736127071,-0.011466505272682252,0.5243504047393799,0.5530332613727045,0.49566754810605523,92.7245514204293,70.31780803517817,262.56208885881176,23.667501072015234,-7.2754485795707025,0
2023-10-02,0.5475130081176758,0.5701249837875366,0.5452849864959717,0.5685309767723083,323882643,0.5475130081176758,0.5685309767723083,0.5701249837875366,0.5452849864959717,323882643,0.5261876106262207,0.5335892410759451,53.76198496482043,-0.003362055403022146,-0.009845615298750231,0.5263908058404922,0.5555641223688232,0.49721748931216125,63.43471208097896,74.44997643428307,189.57240599343402,23.75025676974928,-36.56528791902104,1
2023-10-03,0.5663080215454102,0.5762100219726562,0.5474029779434204,0.5474950075149536,348615238,0.5663080215454102,0.5474950075149536,0.5762100219726562,0.5474029779434204,348615238,0.5307433128356933,0.5395381102522114,58.98730240629788,-0.0004002387671461216,-0.00795653999242941,0.5290103554725647,0.5623449026552817,0.4956758082898477,86.65841089184052,80.9392247977496,197.75783544070455,24.099646116168863,-13.341589108159484,0
2023-10-04,0.5633689761161804,0.5936509966850281,0.5522670149803162,0.5663560032844543,405730483,0.5633689761161804,0.5663560032844543,0.5936509966850281,0.5522670149803162,405730483,0.5357213079929352,0.5438709949547512,57.88567945648114,0.0016903802012756541,-0.0060271559536883975,0.5310719043016434,0.5674153935240185,0.49472841507926835,66.96267394979841,72.35193230753931,184.57602587751273,25.114473210928743,-33.037326050201585,0
2023-10-05,0.5460180044174194,0.5654789805412292,0.5460180044174194,0.5633569955825806,256815336,0.5460180044174194,0.5633569955825806,0.5654789805412292,0.5460180044174194,256815336,0.538386607170105,0.5442613603116,51.74211015994799,0.0019249428449952255,-0.0044367361939516735,0.5318776041269302,0.5687917881943271,0.4949634200595333,48.032969176746,67.21801800612833,88.27710997652555,25.566133253500595,-51.967030823254,1
2023-10-06,0.5641890168190002,0.5687190294265747,0.5457990169525146,0.5459340214729309,239566213,0.5641890168190002,0.5459340214729309,0.5687190294265747,0.5457990169525146,239566213,0.5437995076179505,0.5478845705856727,56.90100606791343,0.0035363197762976473,-0.0028421249999018095,0.5336510062217712,0.5731084488891051,0.4941935635544374,67.85732865132007,60.95099059262151,102.54700715222191,26.117686587426636,-32.14267134867993,0
2023-10-07,0.5638049840927124,0.5791559815406799,0.5637639760971069,0.564175009727478,266966429,0.5638049840927124,0.564175009727478,0.5791559815406799,0.5637639760971069,266966429,0.549836403131485,0.5507791912233163,56.76289554402974,0.004727859550277547,-0.0013281280898659385,0.5359676539897918,0.576771121588624,0.49516418639095966,67.43835349200157,61.10955044002256,120.70815106630914,27.03773566379109,-32.56164650799844,0
2023-10-08,0.5611850023269653,0.5685660243034363,0.5580480098724365,0.5638539791107178,215100823,0.5611850023269653,0.5638539791107178,0.5685660243034363,0.5580480098724365,215100823,0.5539959013462067,0.5526711568785252,55.76838450484197,0.005398521972506787,1.7201922608606592e-05,0.5377020537853241,0.579679841909825,0.49572426566082317,64.57998439328911,66.62522217887026,86.73007806748566,27.414910229194273,-35.420015606710884,0
2023-10-09,0.529774010181427,0.5611680150032043,0.5241090059280396,0.5611680150032043,271231367,0.529774010181427,0.5611680150032043,0.5611680150032043,0.5241090059280396,271231367,0.5543974041938782,0.5485080392972346,45.48026264284349,0.0033567279501361957,0.0006851071281141245,0.5369579553604126,0.5789438973737998,0.49497201334702534,30.31096371439719,54.10976719989596,0.29261373320069894,25.543434951174028,-69.68903628560281,0
2023-10-10,0.5175589919090271,0.5337569713592529,0.5127009749412537,0.5297560095787048,244648712,0.5175589919090271,0.5297560095787048,0.5337569713592529,0.5127009749412537,244648712,0.5528252005577088,0.5428809397721059,42.218530463711716,0.0007443610567469117,0.000696957913840682,0.5357615053653717,0.5785195814088511,0.49300342932189234,16.984523345038365,37.2918238175749,-55.0033932155829,24.19911347811864,-83.01547665496163,0
2023-10-11,0.5141540169715881,0.5210070013999939,0.5084149837493896,0.5175359845161438,212903940,0.5141540169715881,0.5175359845161438,0.5210070013999939,0.5084149837493896,212903940,0.5473874032497406,0.5376578628992845,41.32875156371147,-0.0015824698211941435,0.00024107236683371688,0.5354616075754166,0.5787344457256338,0.49218876942519935,12.112360128074942,19.802615729170174,-74.06859060232941,23.155710163475288,-87.88763987192506,0
2023-10-12,0.5076640248298645,0.515434980392456,0.5022919774055481,0.5141770243644714,212062295,0.5076640248298645,0.5141770243644714,0.515434980392456,0.5022919774055481,212062295,0.5434025049209594,0.5322044377957535,39.614978359425464,-0.0039051717930382868,-0.0005881764651406838,0.53479505777359,0.5793309541058618,0.49025916144131826,5.880150057086936,11.659011176733424,-89.81509347192286,22.47857018368263,-94.11984994291306,1
2023-10-13,0.5149070024490356,0.5229849815368652,0.5074080228805542,0.5076649785041809,202129077,0.5149070024490356,0.5076649785041809,0.5229849815368652,0.5074080228805542,202129077,0.538262403011322,0.5290594495508957,42.48156943656187,-0.005102661769528782,-0.0014910735260183034,0.5345028579235077,0.5794780107658536,0.48952770508116183,13.808187897569727,10.600232694243877,-66.25215657258109,21.39026956736053,-86.19181210243028,1
2023-10-14,0.5175639986991882,0.5212140083312988,0.514706015586853,0.5148980021476746,160808751,0.5175639986991882,0.5148980021476746,0.5212140083312988,0.514706015586853,160808751,0.5336819052696228,0.526969367577858,43.54041514450247,-0.0057707620585673025,-0.002347011232528103,0.534701606631279,0.5793391880401559,0.490064025222402,16.71648996900995,12.134942641222212,-57.5713902686711,20.379704709347152,-83.28351003099004,0
2023-10-15,0.5154209733009338,0.5199229717254639,0.514165997505188,0.5175579786300659,170343903,0.5154209733009338,0.5175579786300659,0.5199229717254639,0.514165997505188,170343903,0.5306222021579743,0.5248696595275081,42.85516383700326,-0.00639939237880216,-0.0031574874617829145,0.5345044046640396,0.5794450817937721,0.4895637275343071,14.370771489153482,14.965149785244394,-61.8764092353747,19.472282288039924,-85.62922851084652,1
2023-10-16,0.5341209769248962,0.5378640294075012,0.5149829983711243,0.5154290199279785,329327151,0.5341209769248962,0.5154290199279785,0.5378640294075012,0.5149829983711243,329327151,0.5276153981685638,0.5265517172361242,50.217757301072425,-0.0053272432821594995,-0.003591438625858232,0.5357074528932572,0.5792321458946424,0.4921827598918719,34.83947153808514,21.9755776654162,-24.674364648203568,18.634784929174135,-65.16052846191486,0
2023-10-17,0.5194709897041321,0.5344700217247009,0.5171570181846619,0.5340830087661743,230366002,0.5194709897041321,0.5340830087661743,0.5344700217247009,0.5171570181846619,230366002,0.5231819987297058,0.5252643122303073,45.294223883121205,-0.005595191052746529,-0.003992189111235891,0.5365092009305954,0.5781776936800543,0.4948407081811364,18.803849290490948,22.671364105909863,-46.78067890752203,17.857108810227327,-81.19615070950906,0
2023-10-18,0.5113149881362915,0.5229560136795044,0.510977029800415,0.5194510221481323,178560548,0.5113149881362915,0.5194510221481323,0.5229560136795044,0.510977029800415,178560548,0.5181949973106384,0.5227280714859408,42.77955626048764,-0.00639197998892882,-0.004472147286774477,0.5360954493284226,0.5785839944043307,0.49360690425251447,11.738928816251073,21.794083214942393,-76.5468727108278,16.71842332445223,-88.26107118374892,1
2023-10-19,0.5176290273666382,0.519195020198822,0.5063740015029907,0.5113170146942139,189126823,0.5176290273666382,0.5113170146942139,0.519195020198822,0.5063740015029907,189126823,0.5169804990291595,0.5218009725551584,45.310911583610306,-0.0064397177070049105,-0.004865661370820564,0.5356889516115189,0.5787174158708788,0.492660487352159,19.953488155686728,16.832088754142923,-75.70740354434881,15.690323315930744,-80.04651184431327,1
2023-10-20,0.5360550284385681,0.5451620221138,0.5152000188827515,0.5176339745521545,264551458,0.5360550284385681,0.5176339745521545,0.5451620221138,0.5152000188827515,264551458,0.5188301026821136,0.5243926190794147,51.98628681240942,-0.004933851529309474,-0.004879299402518346,0.5358276516199112,0.578842055826355,0.4928132474134674,43.925698918394126,25.20603863011065,-15.774875569757487,15.878275503982318,-56.074301081605874,1
2023-10-21,0.5727159976959229,0.5759980082511902,0.5339480042457581,0.5360580086708069,293523175,0.5727159976959229,0.5360580086708069,0.5759980082511902,0.5339480042457581,293523175,0.5246863007545471,0.5331786879187798,61.940294211961636,-0.0007732938535560674,-0.004058098292725891,0.5360368520021439,0.5797209357722516,0.4923527682320362,95.54716144986746,53.14211617464944,80.73004125456025,17.24946886091626,-4.452838550132543,1
2023-10-22,0.609129011631012,0.6105350255966187,0.5600249767303467,0.5727189779281616,369588664,0.609129011631012,0.5727189779281616,0.6105350255966187,0.5600249767303467,369588664,0.5348327994346619,0.5469878376846402,68.84828818250088,0.005399956649090432,-0.002166487304362626,0.5391176521778107,0.5930851070367259,0.4851501973188956,98.70105841520206,79.39130626115455,164.8384126443038,19.442497632996258,-1.2989415847979398,1
2023-10-23,0.6356239914894104,0.6441029906272888,0.6007940173149109,0.6183590292930603,573655225,0.6356239914894104,0.6183590292930603,0.6441029906272888,0.6007940173149109,573655225,0.5469044983386994,0.5631035020127803,72.72718431401229,0.012288570602556392,0.0007245242770211775,0.5425834506750107,0.6102537588999045,0.47491314245011684,94.0209163271259,96.08971206406515,219.12124588517418,22.117995515421452,-5.979083672874091,0
2023-10-24,0.6245350241661072,0.6636999845504761,0.6199229955673218,0.6356350183486938,524184605,0.6245350241661072,0.6356350183486938,0.6636999845504761,0.6199229955673218,524184605,0.5576016008853912,0.5742728696770215,68.86243943392165,0.016661002140278325,0.003911819849672607,0.5456417530775071,0.6217907007187709,0.4694928054362433,75.73542906752901,89.48580126995232,203.05779496043715,24.90267122628054,-24.264570932470992,1
2023-10-25,0.6303070187568665,0.6468440294265747,0.6162800192832947,0.624576985836029,357040121,0.6303070187568665,0.624576985836029,0.6468440294265747,0.6162800192832947,357040121,0.5690902054309845,0.5844608967824478,69.7631396075423,0.020357271407667854,0.007200910161271657,0.5498562037944794,0.634480248704812,0.4652321588841469,79.31145648578256,83.02260062681249,158.1993097775262,27.268043077218238,-20.68854351421744,1
2023-10-26,0.6322050094604492,0.657696008682251,0.6180059909820557,0.6303219795227051,317129218,0.6322050094604492,0.6303219795227051,0.657696008682251,0.6180059909820557,317129218,0.5788986086845398,0.5931416445420844,70.0697304215643,0.023172623836732686,0.010395252896363862,0.5532570034265518,0.6450728325494169,0.4614411743036867,79.9810721153919,78.34265255623448,141.35830383219516,29.63804347674425,-20.0189278846081,0
2023-10-27,0.6097339987754822,0.6323739886283875,0.6032779812812805,0.6322320103645325,241906331,0.6097339987754822,0.6322320103645325,0.6323739886283875,0.6032779812812805,241906331,0.5879249095916748,0.5961584362208839,62.04807561565917,0.02332174954461541,0.012980552226014172,0.5555534541606904,0.6505520328612361,0.4605548754601447,65.69798279365878,74.99683713161107,95.11592021082718,30.94477893284852,-34.30201720634122,1
2023-10-28,0.6206390261650085,0.625665009021759,0.6093389987945557,0.6097279787063599,142624144,0.6206390261650085,0.6097279787063599,0.625665009021759,0.6093389987945557,142624144,0.5988573133945465,0.6006094525743612,64.19057035476004,0.02404272771668381,0.0151929873241481,0.5585261553525924,0.6576738513182301,0.4593784593869548,72.6294680946182,72.76950766788963,88.970286554635,32.1581761420882,-27.370531905381792,1
2023-10-29,0.63823002576828,0.6418660283088684,0.615319013595581,0.620639979839325,163017931,0.63823002576828,0.620639979839325,0.6418660283088684,0.615319013595581,163017931,0.6109174132347107,0.6074495567914373,67.38874325666092,0.02573687607948627,0.017301765075215733,0.5639489561319351,0.6679578151949217,0.45994009706894845,83.81071054581714,74.0460538113647,94.61096793430936,33.62151250841197,-16.189289454182852,1
2023-10-30,0.6499279737472534,0.6499360203742981,0.628216028213501,0.6382489800453186,254160422,0.6499279737472534,0.6382489800453186,0.6499360203742981,0.628216028213501,254160422,0.6223047077655792,0.6151729053288584,69.34917002812234,0.027704072201605978,0.01938222650049378,0.5705674052238464,0.6786909448808236,0.4624438655668692,91.24619434345699,82.56212432796411,96.23477056356687,35.13694657862474,-8.753805656543001,0
2023-10-31,0.635981023311615,0.656112015247345,0.6249709725379944,0.6499660015106201,298499867,0.635981023311615,0.6499660015106201,0.656112015247345,0.6249709725379944,298499867,0.6286312103271484,0.6189561995075413,64.37995263126726,0.027817029559379702,0.021069187112270966,0.5766587555408478,0.6851095547295247,0.4682079563521708,82.38119304775313,85.81269931234242,82.06271760221752,36.662716490216056,-17.61880695224687,1
2023-11-01,0.6681029796600342,0.6681029796600342,0.6198030114173889,0.6359739899635315,331541961,0.6681029796600342,0.6359739899635315,0.6681029796600342,0.6198030114173889,331541961,0.6345286071300507,0.6278919777170855,69.75526730503299,0.030150960992160303,0.022885541888248838,0.5846807032823562,0.6952452722643255,0.4741161343003869,100.0,91.20912913040337,89.89109799804729,38.30128326202487,-0.0,0
2023-11-02,0.6610869765281677,0.6862729787826538,0.6470109820365906,0.6681950092315674,359007840,0.6610869765281677,0.6681950092315674,0.6862729787826538,0.6470109820365906,359007840,0.6370749056339264,0.6339274320463731,67.364097774686,0.03107625789345314,0.0245236850892897,0.5919897019863128,0.7024648028851949,0.4815146010874309,85.2776252487694,89.21960609884086,98.13649488607203,40.12383375124357,-14.722374751230607,1
2023-11-03,0.6719430088996887,0.6720960140228271,0.6456900238990784,0.660988986492157,271525150,0.6719430088996887,0.660988986492157,0.6720960140228271,0.6456900238990784,271525150,0.6418157041072845,0.6408393551106124,69.12757610831363,0.03231306849939142,0.026081561771310043,0.5997086524963379,0.7098771068107815,0.48954019818189426,90.59250137639503,91.95670887505482,89.62473576443799,41.72140528407446,-9.407498623604969,1
2023-11-04,0.6778730154037476,0.6813730001449585,0.6642580032348633,0.6719729900360107,161513891,0.6778730154037476,0.6719729900360107,0.6813730001449585,0.6642580032348633,161513891,0.6465723037719726,0.6475727478911824,70.07867154896064,0.0333868885129216,0.027542627119632356,0.6078312546014786,0.7158786174527522,0.499783891750205,93.34645836579182,89.73886166365209,99.2832637120475,43.35955350214103,-6.653541634208178,1
2023-11-05,0.6933330297470093,0.69753497838974,0.6749950051307678,0.6778669953346252,236398260,0.6933330297470093,0.6778669953346252,0.69753497838974,0.6749950051307678,236398260,0.6526851058006287,0.6558927991376964,72.46069358854282,0.03508100062483166,0.02905030182067222,0.6157918572425842,0.7244022505990774,0.5071814638860911,95.65649483316534,93.19848485845073,114.9840834552686,45.12743098562304,-4.343505166834664,1
2023-11-06,0.7354069948196411,0.7354069948196411,0.6908770203590393,0.6933150291442871,283550231,0.7354069948196411,0.6933150291442871,0.7354069948196411,0.6908770203590393,283550231,0.6652524054050446,0.6703499256253227,77.67060261263077,0.03936484065420387,0.03111320958737855,0.6265886574983597,0.7376559717039507,0.5155213432927687,100.0,96.33431773298571,158.74989086518633,47.21968566915022,-0.0,1
2023-11-07,0.7420859932899475,0.7442269921302795,0.6981319785118103,0.7354480028152466,407426939,0.7420859932899475,0.7354480028152466,0.7442269921302795,0.6981319785118103,407426939,0.6773971021175385,0.6833928470188908,78.37014390783075,0.04280532100357459,0.03345163187061776,0.6381272077560425,0.7468181405057397,0.5294362750063453,98.4810118017602,98.04583554497519,167.28119051442144,49.248872396075186,-1.5189881982398006,1
2023-11-08,0.7894780039787292,0.8072599768638611,0.7370060086250305,0.7420380115509033,556997599,0.7894780039787292,0.7420380115509033,0.8072599768638611,0.7370060086250305,556997599,0.6925218999385834,0.702681057375225,82.54805088678762,0.04879360337208882,0.036520026170911976,0.651719656586647,0.7646450771489177,0.5387942360243763,91.28257725180802,96.58786301785608,220.69180867964724,51.59752387953789,-8.717422748191979,1
2023-11-09,0.8565099835395813,0.8565099835395813,0.7865359783172607,0.7894229888916016,801686348,0.8565099835395813,0.7894229888916016,0.8565099835395813,0.7865359783172607,801686348,0.7131801009178161,0.7306499530414715,86.51543091241098,0.05827650555316266,0.040871322047362116,0.6677424043416977,0.7997931187981112,0.5356916898852843,100.0,96.58786301785608,250.00202121225115,54.01241208338421,-0.0,0
2023-11-10,0.8443509936332703,0.8685539960861206,0.8180760145187378,0.8558689951896667,550900413,0.8443509936332703,0.8558689951896667,0.8685539960861206,0.8180760145187378,550900413,0.7340170979499817,0.7513228695127077,82.83682353194631,0.06407206213494598,0.04551147006487889,0.6813241541385651,0.8266914498022763,0.5359568584748539,90.66296213346529,93.98184646175777,208.33662867150252,56.302818589741705,-9.33703786653471,0
2023-11-11,0.8028860092163086,0.8448749780654907,0.7983599901199341,0.8442680239677429,542275703,0.8028860092163086,0.8442680239677429,0.8448749780654907,0.7983599901199341,542275703,0.7474954009056092,0.7606979858224533,71.64848572036519,0.06457482637362322,0.04932414132662776,0.6910120040178299,0.8415751539221128,0.540448854113547,74.06835887207437,88.24377366851321,142.98061927744823,57.4315022731438,-25.931641127925626,1
2023-11-12,0.8975120186805725,0.9248610138893127,0.7798749804496765,0.8029410243034363,922611764,0.8975120186805725,0.8029410243034363,0.9248610138893127,0.7798749804496765,922611764,0.7711379051208496,0.7855732645239295,78.71407469674656,0.07178134809767212,0.05381558268083663,0.704106405377388,0.8770176356257783,0.5311951751289977,91.03482125132669,85.25538075228879,161.94779473340847,58.971804239967504,-8.965178748673317,0
2023-11-13,0.8839769959449768,0.9511539936065674,0.864329993724823,0.8976640105247498,978252420,0.8839769959449768,0.8976640105247498,0.9511539936065674,0.864329993724823,978252420,0.7923413038253784,0.8034648520550289,75.80404359900244,0.07552974537723356,0.05815841522011602,0.7170785039663314,0.9026305373894641,0.5315264705431988,79.72633211534071,81.60983741291392,158.61695140264413,60.522740076437806,-20.273667884659282,1
2023-11-14,0.9155840277671814,0.978896975517273,0.8555170297622681,0.8841890096664429,1368325088,0.9155840277671814,0.8841890096664429,0.978896975517273,0.8555170297622681,1368325088,0.8161124050617218,0.8238501567299656,77.86224651850638,0.0801271446974392,0.06255216111558067,0.7313423544168473,0.9313192477209475,0.531365461112747,82.36869619660867,84.37661652109203,145.66357359663564,62.07841472566438,-17.63130380339133,1
2023-11-15,0.922012984752655,0.9591479897499084,0.8888980150222778,0.9158989787101746,1071855040,0.922012984752655,0.9158989787101746,0.9591479897499084,0.8888980150222778,1071855040,0.8389804005622864,0.8416979436431817,78.2671976498583,0.08332881714718288,0.06670749232190111,0.7458327531814575,0.9566793477749203,0.5349861585879947,82.9283301298592,81.67445281393618,127.9826599527132,63.52296975708906,-17.071669870140788,0
2023-11-16,0.8464900255203247,0.9418590068817139,0.8382390141487122,0.9219890236854553,975606904,0.8464900255203247,0.9219890236854553,0.9418590068817139,0.8382390141487122,975606904,0.8500887036323548,0.8425692312572077,63.55872964773091,0.07886301029984832,0.06913859591749055,0.7576705545186997,0.9631396650789704,0.552201443958429,60.262848852965455,75.1866250598111,83.77730629161118,62.90310633578299,-39.737151147034545,0
2023-11-17,0.830731987953186,0.8732799887657166,0.7958369851112366,0.8465200066566467,672907011,0.830731987953186,0.8465200066566467,0.8732799887657166,0.7958369851112366,672907011,0.8589533030986786,0.8404170052019311,60.98354634317141,0.07320838358732329,0.06995255345145711,0.7681752026081086,0.9658826418384276,0.5704677633777895,52.90952468815628,65.36690122366032,48.70478848006519,61.00542620203613,-47.09047531184372,1
2023-11-18,0.8319600224494934,0.8320680260658264,0.7829650044441223,0.8308680057525635,450034676,0.8319600224494934,0.8308680057525635,0.8320680260658264,0.7829650044441223,450034676,0.863201504945755,0.8388793719742151,61.11576708639598,0.0680417997856223,0.06957040271829015,0.7778617024421692,0.9679918401440131,0.5877315647403254,51.64988470429992,54.94075274847389,31.36665245668198,58.87705160660632,-48.35011529570008,1
2023-11-19,0.8531460165977478,0.8560140132904053,0.815850019454956,0.8320490121841431,408384335,0.8531460165977478,0.8320490121841431,0.8560140132904053,0.815850019454956,408384335,0.8628651082515717,0.841473307360312,63.418962490510154,0.06490855218317448,0.06863803261126702,0.7880226045846939,0.9713164433713282,0.6047287657980596,56.339497778742604,53.63296905706627,45.735827398965775,57.24499088404941,-43.660502221257396,0
2023-11-20,0.8115180134773254,0.866366982460022,0.8107330203056335,0.853193998336792,450411222,0.8115180134773254,0.853193998336792,0.866366982460022,0.8107330203056335,450411222,0.8595818102359771,0.836026890290678,56.3555386279447,0.058393277576970326,0.06658908160440768,0.7967994540929795,0.9664331103896566,0.6271657977963023,40.3846762149304,49.45801956599097,31.170971073652026,55.873866119041445,-59.6153237850696,0
2023-11-21,0.732545018196106,0.8198530077934265,0.7261040210723877,0.8115460276603699,649925948,0.732545018196106,0.8115460276603699,0.8198530077934265,0.7261040210723877,649925948,0.8525477111339569,0.8172120044553013,45.909014324521415,0.04632342716418347,0.06253595071636285,0.800021556019783,0.9620314927072081,0.6380116193323578,2.547933797388546,33.09070259702052,-36.64634589673483,52.45501522310045,-97.45206620261145,1
2023-11-22,0.7735329866409302,0.7845069766044617,0.7299320101737976,0.7323819994926453,485645439,0.7735329866409302,0.7323819994926453,0.7845069766044617,0.7299320101737976,485645439,0.8401498079299927,0.8092703648526883,50.987185355476164,0.03960878484020047,0.05795051754113038,0.8056438565254211,0.9553119690925477,0.6559757439582946,18.761980796772207,20.564863603030386,-41.71497855622921,49.28036796258381,-81.2380192032278,0
2023-11-23,0.772936999797821,0.7842130064964294,0.7662280201911926,0.773497998714447,297757951,0.772936999797821,0.773497998714447,0.7842130064964294,0.7662280201911926,297757951,0.8290458083152771,0.802664298479076,50.91233903740508,0.03384909991124563,0.05313023401515343,0.8106935560703278,0.9483064567070881,0.6730806554335674,18.526219936894652,13.278711510351803,-39.36584099268569,46.332481220675504,-81.47378006310535,0
2023-11-24,0.7599689960479736,0.7947099804878235,0.7565609812736511,0.7729309797286987,442049409,0.7599689960479736,0.7729309797286987,0.7947099804878235,0.7565609812736511,442049409,0.8134843051433563,0.7949015162188756,49.219303762015436,0.027916296891008274,0.048087446590324406,0.8147983551025391,0.9407199573580032,0.688876752847075,13.396328647667785,16.894843127111546,-54.79964089266289,43.809431495839554,-86.60367135233221,1
2023-11-25,0.7792900204658508,0.7792900204658508,0.7587090134620667,0.7599920034408569,340634643,0.7792900204658508,0.7599920034408569,0.7792900204658508,0.7587090134620667,340634643,0.7992120087146759,0.7920630624455983,51.79152351555294,0.02449123326015712,0.04336820392429095,0.8190962046384811,0.9334805006980287,0.7047119085789335,21.039351951186962,17.6539668452498,-62.920110858469315,41.46659960849189,-78.96064804881304,0
2023-11-26,0.7630159854888916,0.7847669720649719,0.74822598695755,0.7792930006980896,336657153,0.7630159854888916,0.7792930006980896,0.7847669720649719,0.74822598695755,336657153,0.7908646047115326,0.786781775726197,49.51638357004037,0.02023046285879082,0.038740655711190924,0.8204766541719437,0.931401701160139,0.7095516071837484,14.601658696366703,16.345779765073818,-79.46679857206378,39.00252368458628,-85.3983413036333,0
2023-11-27,0.7430959939956665,0.7671189904212952,0.7309679985046387,0.7629269957542419,347091693,0.7430959939956665,0.7629269957542419,0.7671189904212952,0.7309679985046387,347091693,0.7821010053157806,0.7788389063206459,46.80600714861035,0.015072646694627934,0.034007053907878323,0.8205271542072297,0.9313102306200065,0.7097440777944528,6.721695610778367,14.12090208611068,-109.50166815135535,36.25131480581608,-93.27830438922163,1
2023-11-28,0.7482619881629944,0.7578160166740417,0.730597972869873,0.7430920004844666,423819851,0.7482619881629944,0.7430920004844666,0.7578160166740417,0.730597972869873,423819851,0.7737312018871307,0.7732794666556183,47.606954159606154,0.011271956679704598,0.02946003446224358,0.8184663534164429,0.9329545332368054,0.7039781735960804,9.508062884591627,10.277139063912232,-105.55049260273074,33.68658917344131,-90.49193711540838,1
2023-11-29,0.7576969861984253,0.7702609896659851,0.7448559999465942,0.7482810020446777,416128091,0.7576969861984253,0.7482810020446777,0.7702609896659851,0.7448559999465942,416128091,0.7641862988471985,0.770446288390674,49.11395157425064,0.008918402161668393,0.025351708002128544,0.813525703549385,0.9295387324468782,0.6975126746518918,14.642982644191562,10.290913713187186,-79.52279425498836,31.648037653938307,-85.35701735580844,1
2023-11-30,0.7625160217285156,0.7806659936904907,0.7532839775085449,0.7577019929885864,479493165,0.7625160217285156,0.7577019929885864,0.7806659936904907,0.7532839775085449,479493165,0.7592860996723175,0.7690044217248269,49.906495377954904,0.00735723946575928,0.02175281429485469,0.8094339549541474,0.9265766503040759,0.6922912596042189,24.74045268858008,16.297166072454424,-62.072985526627214,30.036812034002846,-75.25954731141992,1
2023-12-01,0.7994959950447083,0.7994959950447083,0.7571769952774048,0.7625340223312378,499277190,0.7994959950447083,0.7625340223312378,0.7994959950447083,0.7571769952774048,499277190,0.7659811973571777,0.7745483441466234,55.61883936555999,0.009000232496002458,0.019202297935084246,0.8092644542455674,0.9264543584295051,0.6920745500616297,52.32455756405473,30.56933096560879,-32.81491851178025,29.027437906838276,-47.67544243594527,1
2023-12-02,0.816215991973877,0.8237209916114807,0.7978590130805969,0.7994800209999084,454913954,0.816215991973877,0.7994800209999084,0.8237209916114807,0.7978590130805969,454913954,0.7702494978904724,0.782124280115215,57.95346592056005,0.01151869992434884,0.017665578332937165,0.8051996529102325,0.9152883510253117,0.6951109547951534,64.24502235658174,47.103344203072176,6.818935727810569,28.655311339738464,-35.75497764341826,0
2023-12-03,0.8141859769821167,0.8226630091667175,0.8008570075035095,0.8161960244178772,458409742,0.8141859769821167,0.8161960244178772,0.8226630091667175,0.8008570075035095,458409742,0.774374395608902,0.7879536795455607,57.5575809325011,0.013198652412464429,0.016772193148842617,0.8017101019620896,0.9058532267391793,0.6975669771849998,62.797730090913646,59.78910333718337,14.282794870657218,28.30976524171721,-37.202269909086354,0
2023-12-04,0.8097010254859924,0.8364030122756958,0.7895690202713013,0.8141829967498779,698154396,0.8097010254859924,0.8141829967498779,0.8364030122756958,0.7895690202713013,698154396,0.7793475985527039,0.791907742443821,56.63706033211981,0.014006668602465688,0.01621908823956723,0.79641595184803,0.8867098891457019,0.7061220145503582,75.79126835304862,67.611340266848,24.6359881533797,28.30605012897666,-24.20873164695138,1
2023-12-05,0.8134660124778748,0.8190190196037292,0.7865449786186218,0.8097280263900757,461846745,0.8134660124778748,0.8097280263900757,0.8190190196037292,0.7865449786186218,461846745,0.7827651977539063,0.7958274279045581,57.255085056027426,0.014780450407631318,0.01593136067318005,0.7909886032342911,0.8612622728369438,0.7207149336316384,78.45704525644535,72.34868123346921,30.423137252770513,28.177770040286706,-21.54295474355465,1
2023-12-06,0.8188530206680298,0.845736026763916,0.8056780099868774,0.8134390115737915,620621299,0.8188530206680298,0.8134390115737915,0.845736026763916,0.8056780099868774,620621299,0.7883489012718201,0.8000138993160983,58.17364187135964,0.01564798437946735,0.015874685414437508,0.7896067529916764,0.8564644688940352,0.7227490370893176,76.65150209970928,76.9666052364011,80.37162330045065,28.661084069652937,-23.348497900290727,1
2023-12-07,0.8423529863357544,0.8562740087509155,0.8148220181465149,0.8189589977264404,551817471,0.8423529863357544,0.8189589977264404,0.8562740087509155,0.8148220181465149,551817471,0.7982746005058289,0.8077119151378539,62.00900516952767,0.018023992765317187,0.016304546884613445,0.7901878029108047,0.8586478623317266,0.7217277434898828,88.92308918118809,81.3438788457809,113.07484960478672,29.3258733944535,-11.07691081881191,1
2023-12-08,0.9064239859580994,0.9094169735908508,0.8424270153045654,0.8424270153045654,653682607,0.9064239859580994,0.8424270153045654,0.9094169735908508,0.8424270153045654,653682607,0.8140908002853393,0.8256595643778984,70.06785776307544,0.02479121306296128,0.01800188012028301,0.793911001086235,0.8774844257028275,0.7103375764696426,98.32624742298968,87.96694623462902,192.27132441555835,30.83626254240078,-1.673752577010318,0
2023-12-09,0.884913980960846,0.9435679912567139,0.8806560039520264,0.9064249992370605,786813172,0.884913980960846,0.9064249992370605,0.9435679912567139,0.8806560039520264,786813172,0.8268124997615814,0.836433094665707,65.07690850762236,0.028094747506485995,0.020020453597523608,0.79549939930439,0.8845441988337811,0.7064545997749988,72.45902933185262,86.56945531201013,200.0651355079499,32.67184459333547,-27.540970668147384,1
2023-12-10,0.9219549894332886,0.9297869801521301,0.8822339773178101,0.8849089741706848,468332239,0.9219549894332886,0.8849089741706848,0.9297869801521301,0.8822339773178101,468332239,0.8427563965320587,0.8519825300779945,69.15184200464824,0.033317656962815856,0.022679894270582056,0.8010212481021881,0.905682115295289,0.6963603809090873,89.85162231419484,86.8789663563457,184.5558911543474,34.37631364063197,-10.148377685805157,0
2023-12-11,0.8418499827384949,0.9381610155105591,0.8184509873390198,0.9220380187034607,825560982,0.8418499827384949,0.9220380187034607,0.9381610155105591,0.8184509873390198,825560982,0.8469917953014374,0.85014024874354,54.3753471049418,0.030639848658500224,0.02427188514816569,0.8064864963293076,0.9076300560394844,0.7053429366191307,52.238343552444356,71.51633173283061,97.42514406542318,33.61564680243082,-47.761656447555644,1
2023-12-12,0.8860960006713867,0.8979899883270264,0.8415629863739014,0.8418269753456116,643007151,0.8860960006713867,0.8418269753456116,0.8979899883270264,0.8415629863739014,643007151,0.8539797961711884,0.8566776581849667,59.520539345176786,0.03172227550693374,0.025761963219919304,0.8121146470308304,0.9177255518926479,0.7065037421690128,71.07774412283275,71.05590332982399,99.92540294327061,32.90931330981546,-28.92225587716725,1
2023-12-13,0.8876349925994873,0.8951669931411743,0.8354460000991821,0.8859099745750427,623442157,0.8876349925994873,0.8859099745750427,0.8951669931411743,0.8354460000991821,623442157,0.8613246977329254,0.8623062644421522,59.69081512694573,0.03233159190373791,0.027075888956683027,0.8178495466709137,0.9267338606955872,0.7089652326462402,70.60551879505181,64.64053549010964,84.49133813703322,32.05210935642691,-29.394481204948196,0
2023-12-14,0.8840870261192322,0.9020670056343079,0.8678920269012451,0.8875619769096375,493117368,0.8840870261192322,0.8875619769096375,0.9020670056343079,0.8678920269012451,493117368,0.8687632977962494,0.866266402928894,59.07387717031508,0.03215749669023105,0.028092210503392633,0.8240554481744766,0.9331846839245104,0.7149262124244429,68.08806947730213,69.92377746506223,90.39627829403899,31.408259361175052,-31.91193052269787,0
2023-12-15,0.8395299911499023,0.8843119740486145,0.8395299911499023,0.8840839862823486,371534275,0.8395299911499023,0.8840839862823486,0.8843119740486145,0.8395299911499023,371534275,0.8713696956634521,0.8614052371508956,51.82904036281704,0.02810022275969959,0.028093812954654025,0.8270674467086792,0.9343987336066696,0.7197361598106887,33.743469597925,57.47901929009297,41.309957248607844,29.874398533173856,-66.256530402075,1
2023-12-16,0.8499109745025635,0.8650079965591431,0.8347430229187012,0.8395460247993469,287851796,0.8499109745025635,0.8395460247993469,0.8650079965591431,0.8347430229187012,287851796,0.8744754910469055,0.8593153712148351,53.26705458201255,0.025429329061521733,0.02756091617602757,0.8314121961593628,0.9349899214267094,0.7278344708920161,40.35459186481674,47.395376980014625,29.64305796494777,28.300974476380187,-59.64540813518326,0
2023-12-17,0.8189219832420349,0.8520740270614624,0.8174560070037842,0.8499199748039246,305937580,0.8189219832420349,0.8499199748039246,0.8520740270614624,0.8174560070037842,305937580,0.8721323907375336,0.8519711188561442,48.60269658283633,0.020574899322092,0.026163712805240456,0.8352034956216812,0.9308178258024985,0.7395891654408638,20.61927362076276,31.57244502783483,-8.603739025967489,26.310127325707303,-79.38072637923725,0
2023-12-18,0.8002930283546448,0.8246859908103943,0.7622799873352051,0.8188740015029907,511951754,0.8002930283546448,0.8188740015029907,0.8246859908103943,0.7622799873352051,511951754,0.8615192949771882,0.842575102401326,45.99526993404802,0.015051028916170495,0.023941176027426465,0.8378050476312637,0.9263884029843713,0.7492216922781562,20.968315717071928,27.314060400883807,-74.40774086681472,25.77178432794477,-79.03168428292807,0
2023-12-19,0.7653589844703674,0.8211240172386169,0.7548940181732178,0.8003290295600891,493620445,0.7653589844703674,0.8003290295600891,0.8211240172386169,0.7548940181732178,493620445,0.8495637953281403,0.8285358082320609,41.4991677279371,0.007764927189524151,0.020705926259846005,0.8381881475448608,0.925438648378018,0.7509376467117036,5.5465871238734525,15.711392153902713,-107.17139039818095,25.427526953485295,-94.45341287612655,1
2023-12-20,0.775102972984314,0.7967079877853394,0.7575179934501648,0.7653999924659729,561206164,0.775102972984314,0.7653999924659729,0.7967079877853394,0.7575179934501648,561206164,0.8348785936832428,0.818820747277925,43.16790980749993,0.002745251961047468,0.017113791400086297,0.8388174951076508,0.9240334519876365,0.7536015382276651,10.71104534495221,12.408649395299198,-117.24391283159089,25.107859391487214,-89.28895465504779,1
2023-12-21,0.8172140121459961,0.8184430003166199,0.7712910175323486,0.7752019762992859,541231247,0.8172140121459961,0.7752019762992859,0.8184430003166199,0.7712910175323486,541231247,0.8324149966239929,0.8185286136175742,49.82870882016229,0.0021404582312805065,0.014119124766325139,0.8397033959627151,0.9236243471456379,0.7557824447797924,33.03051976607241,16.429384078299353,-71.72112212913362,24.08643215818954,-66.96948023392758,1
2023-12-22,0.876596987247467,0.8766390085220337,0.8138650059700012,0.8171719908714294,772918598,0.876596987247467,0.8171719908714294,0.8766390085220337,0.8138650059700012,772918598,0.831465095281601,0.8290864997321001,57.40922708660439,0.006379327730511863,0.012571165359162485,0.8427224457263947,0.9273874514128915,0.7580574400398978,64.50437603303696,36.08198038135386,27.162504226561918,23.13534030765793,-35.49562396696304,0
2023-12-23,0.8592190146446228,0.8804100155830383,0.8314449787139893,0.8766869902610779,442128991,0.8592190146446228,0.8766869902610779,0.8804100155830383,0.8314449787139893,442128991,0.8286234974861145,0.8345651388071041,54.79980420137843,0.00824140342420665,0.011705212972171319,0.8449740976095199,0.9288754968268129,0.7610726983922269,56.92514090759779,51.486678902235724,26.112988122779416,22.33763615118991,-43.07485909240221,0
2023-12-24,0.8510230183601379,0.8829969763755798,0.836188018321991,0.8592060208320618,669003840,0.8510230183601379,0.8592060208320618,0.8829969763755798,0.836188018321991,669003840,0.825317096710205,0.8375574805440194,53.563239262956735,0.008952563840456396,0.011154683145828334,0.8470401972532272,0.9293861120560384,0.764694282450416,52.45297930536538,57.960832082000046,21.971888980463323,21.658584485241313,-47.54702069463462,1
2023-12-25,0.9119579792022705,0.9204080104827881,0.8399839997291565,0.8509690165519714,700767553,0.9119579792022705,0.8509690165519714,0.9204080104827881,0.8399839997291565,700767553,0.8325598955154419,0.8510848439364287,60.66916348540839,0.014268625842412619,0.011777471685145192,0.851964795589447,0.9374122151853034,0.7665173759935907,94.89467255148253,68.0909309214819,87.17552839203404,21.8530832529178,-5.105327448517464,1
2023-12-26,1.0154169797897339,1.0260339975357056,0.8643079996109009,0.9119799733161926,1725555975,1.0154169797897339,0.9119799733161926,1.0260339975357056,0.8643079996109009,1725555975,0.8491104960441589,0.880963414091575,69.26794141053607,0.026524165909698194,0.014726810530055793,0.8617929935455322,0.9715150651246546,0.7520709219664098,96.08430384521873,81.14398523402221,217.98751565501192,23.584904353564927,-3.915696154781276,1
2023-12-27,1.0396239757537842,1.088075041770935,0.9887970089912415,1.015584945678711,1815090151,1.0396239757537842,1.015584945678711,1.088075041770935,0.9887970089912415,1815090151,0.8711806952953338,0.9098107889392493,70.87252970557721,0.03775485748194374,0.019332419920433382,0.8716565430164337,1.0054435507171877,0.7378695353156797,85.45803554657101,92.14567064775743,270.7059476058596,25.78491817127542,-14.541964453428983,0
2023-12-28,1.0034129619598389,1.0678889751434326,0.9906669855117798,1.0394320487976074,1032228501,1.0034129619598389,1.0394320487976074,1.0678889751434326,0.9906669855117798,1032228501,0.8914926886558533,0.9268293658520838,65.37382575504276,0.043234949693366165,0.02411292587501994,0.8765059918165207,1.0215407827588345,0.7314712008742069,74.58976537831963,85.37736825670312,196.02749667162124,27.82778814486374,-25.410234621680367,0
2023-12-29,0.9733650088310242,1.0173039436340332,0.953656017780304,1.0034370422363281,759508197,0.9733650088310242,1.0034370422363281,1.0173039436340332,0.953656017780304,759508197,0.9122932910919189,0.9352903918482547,61.135130993897306,0.04463877553883877,0.028218095807783707,0.8809285432100296,1.031988298669519,0.7298687877505401,65.57125862053543,75.2063531818087,125.48098425444095,28.664577086857747,-34.42874137946457,0
2023-12-30,0.9530869722366333,0.9873660206794739,0.947613000869751,0.9733610153198242,388380646,0.9530869722366333,0.9733610153198242,0.9873660206794739,0.947613000869751,388380646,0.9300916910171508,0.9385261337370507,58.3839606103506,0.04361231394541043,0.031296939435309055,0.8824851423501968,1.035828194471653,0.7291420902287407,59.4850666833636,66.54869689407288,93.7865821895314,29.27590315205617,-40.5149333166364,1
2023-12-31,0.9706079959869385,1.0102570056915283,0.9462710022926331,0.9529749751091003,507268025,0.9706079959869385,0.9529749751091003,1.0102570056915283,0.9462710022926331,507268025,0.9454310894012451,0.9443591996006666,60.05655419707362,0.04370878822186086,0.033779309192619414,0.888923043012619,1.0456750433234592,0.7321710427017788,64.74377666663685,63.266700656845295,93.92738380650135,30.128332936705306,-35.25622333336315,1
2024-01-01,1.0156519412994385,1.0168319940567017,0.9598090052604675,0.9706289768218994,443087382,1.0156519412994385,0.9706289768218994,1.0168319940567017,0.9598090052604675,443087382,0.9593365848064422,0.9573215162731705,64.05614832694734,0.04687951683122382,0.0363993507203403,0.8954008400440217,1.0615748045584663,0.7292268755295769,78.26313765127865,67.49732700042637,100.24702913352301,31.000777945634734,-21.736862348721342,0
2024-01-02,0.9697179794311523,1.0322489738464355,0.9670820236206055,1.0157179832458496,562463311,0.9697179794311523,1.0157179832458496,1.0322489738464355,0.9670820236206055,562463311,0.9703864812850952,0.9595754186655308,57.71008666369075,0.045165218734181,0.03815252432310844,0.8995049893856049,1.0687354715074935,0.7302745072637163,64.19466384364316,69.06719272051956,81.37499028553985,32.0019677208387,-35.805336156356844,0
2024-01-03,0.8554210066795349,0.9875440001487732,0.8381050229072571,0.9697390198707581,1021527566,0.8554210066795349,0.9697390198707581,0.9875440001487732,0.8381050229072571,1021527566,0.9708262801170349,0.9406382528498951,45.60338033030571,0.03418969711404185,0.037359958881295126,0.89807168841362,1.068282955550936,0.7278604212763038,26.55752270001584,56.33844139831255,-4.658388576726504,29.878337648065866,-73.44247729998416,1
2024-01-04,0.8834369778633118,0.8914650082588196,0.8448650240898132,0.8553900122642517,514340614,0.8834369778633118,0.8553900122642517,0.8914650082588196,0.8448650240898132,514340614,0.9679741799831391,0.9302380210341525,48.45764459580836,0.027435907823874728,0.03537514866981105,0.9002670377492905,1.0685228136161036,0.7320112618824774,25.371781776731606,38.7079894401302,-24.05603109703376,27.906395437633954,-74.62821822326839,0
2024-01-05,0.8520190119743347,0.8869209885597229,0.8265690207481384,0.8833979964256287,510362752,0.8520190119743347,0.8833979964256287,0.8869209885597229,0.8265690207481384,510362752,0.9516343832015991,0.9160163830232766,45.56990857423725,0.019325541068937913,0.032165227149636426,0.900372439622879,1.068504499181483,0.7322403800642752,9.732086139606592,20.553796872118014,-40.785379125251346,26.08872738262096,-90.2679138603934,0
2024-01-06,0.8282399773597717,0.85310298204422,0.8009830117225647,0.8522289991378784,367787806,0.8282399773597717,0.8522289991378784,0.85310298204422,0.8009830117225647,367787806,0.9304959833621979,0.9000570365390029,43.458970641605575,0.010854127988906281,0.0279030073174904,0.9008383393287659,1.068114471083336,0.7335622075741958,9.494156153556291,14.866008023298164,-65.79354678474033,24.854595485963312,-90.50584384644371,0
2024-01-07,0.8007410168647766,0.8435429930686951,0.7976899743080139,0.8282899856567383,314333289,0.8007410168647766,0.8282899856567383,0.8435429930686951,0.7976899743080139,314333289,0.9102287888526917,0.8819995784164163,41.08855287280266,0.0018996379523700258,0.022702333444466326,0.9008607387542724,1.0680831210149933,0.7336383564935515,1.0506885162585982,6.758976936473828,-79.60893900500227,23.7668803476659,-98.9493114837414,1
2024-01-08,0.8426330089569092,0.8430789709091187,0.7464240193367004,0.8008040189743042,621855718,0.8426330089569092,0.8008040189743042,0.8430789709091187,0.7464240193367004,621855718,0.8971555888652801,0.8748420203328695,45.92719780526852,-0.0017958251053998842,0.017802701734493085,0.9047244399785995,1.0625520706426093,0.7468968093145898,28.16001806016204,12.90162090999231,-85.41855222059615,23.59870370721604,-71.83998193983795,0
2024-01-09,0.8060579895973206,0.8441060185432434,0.7838619947433472,0.8426120281219482,561069781,0.8060579895973206,0.8426120281219482,0.8441060185432434,0.7838619947433472,561069781,0.8824526906013489,0.862335832926406,42.63469989152598,-0.0075883310385440605,0.012724495179885656,0.9062721908092499,1.0595257311125594,0.7530186505059404,17.454644167528937,15.55511691464986,-88.17694174201218,23.41820754578502,-82.54535583247106,1
2024-01-10,0.8978859782218933,0.9109100103378296,0.8049790263175964,0.8061509728431702,781940772,0.8978859782218933,0.8061509728431702,0.9109100103378296,0.8049790263175964,781940772,0.8751804888248443,0.8687994957074037,51.948693779693215,-0.004714832821941295,0.009236629579520267,0.9103057891130447,1.0581210854437748,0.7624904927823146,47.11616496581769,30.91027573116956,-35.943584681701985,21.830137942352433,-52.88383503418231,1
2024-01-11,0.9273399710655212,0.9555069804191589,0.8846240043640137,0.8983820080757141,888925487,0.9273399710655212,0.8983820080757141,0.9555069804191589,0.8846240043640137,888925487,0.8663492918014526,0.8794432184997886,54.50049665992833,-6.0180000074905315e-05,0.007377267663601233,0.9128429383039475,1.0599972427995668,0.7656886338083282,63.29606595727066,42.62229169687243,11.678227015763413,20.949521073423288,-36.70393404272934,0
2024-01-12,0.8642119765281677,0.9434139728546143,0.8444510102272034,0.9272149801254272,658365257,0.8642119765281677,0.9272149801254272,0.9434139728546143,0.8444510102272034,658365257,0.8557986915111542,0.8766739017776757,48.549506352497836,-0.0014485378377738778,0.005612106563326211,0.9130925863981247,1.0598986798882417,0.7662864929080077,41.20982277194956,50.54068456501264,-29.136621136233547,19.501343259847708,-58.79017722805044,1
2024-01-13,0.8819109797477722,0.8873389959335327,0.8452119827270508,0.8640000224113464,324710683,0.8819109797477722,0.8640000224113464,0.8873389959335327,0.8452119827270508,324710683,0.858447688817978,0.8776260977722387,50.19161812565062,-0.0011078887319825315,0.004268107504264463,0.9146369844675064,1.0594348459421055,0.7698391229929074,47.40207538682811,50.635988038682775,-43.26312319926213,18.156606718670382,-52.59792461317189,0
2024-01-14,0.8379290103912354,0.8823019862174988,0.8377259969711304,0.88189297914505,322300964,0.8379290103912354,0.88189297914505,0.8823019862174988,0.8377259969711304,322300964,0.8538968920707702,0.8704084455211472,46.24195628308924,-0.004336906062359924,0.0025471047909395856,0.9109355360269547,1.0595525103230283,0.762318561730881,32.01434640704833,40.20874818860867,-59.3015765112929,17.04761048048498,-67.98565359295166,1
2024-01-15,0.8449479937553406,0.8663679957389832,0.8368740081787109,0.8377640247344971,320038477,0.8449479937553406,0.8377640247344971,0.8663679957389832,0.8368740081787109,320038477,0.8531897902488709,0.8657792724728186,46.959291672705284,-0.006257420613383857,0.0007861997100748971,0.902412086725235,1.0455344295853992,0.7592897438650709,34.47003939443798,37.96215372943814,-57.413978596363016,16.034571700485497,-65.52996060556201,1
2024-01-16,0.8451740145683289,0.8570290207862854,0.8304150104522705,0.8448100090026855,293431462,0.8451740145683289,0.8448100090026855,0.8570290207862854,0.8304150104522705,293431462,0.8548831939697266,0.8620328619447295,46.983824415182504,-0.007672757468980218,-0.0009055917257361259,0.8926895886659623,1.0230572074768587,0.7623219698550657,40.95471262856208,35.81303281001613,-58.67865492650288,15.227632655415311,-59.04528737143792,0
2024-01-17,0.8095009922981262,0.8495460152626038,0.8031209707260132,0.8451030254364014,422601741,0.8095009922981262,0.8451030254364014,0.8495460152626038,0.8031209707260132,422601741,0.8557591915130616,0.8524816129180743,43.55934703864689,-0.011539911967495264,-0.0030324557740879538,0.8829939901828766,1.0077009785558515,0.7582870018099016,30.168394705558708,35.19771557618626,-82.17168265209139,15.027086119892934,-69.83160529444129,0
2024-01-18,0.7847049832344055,0.8191890120506287,0.7768620252609253,0.8095290064811707,385922731,0.7847049832344055,0.8095290064811707,0.8191890120506287,0.7768620252609253,385922731,0.8499663889408111,0.8401585893392254,41.305716783813956,-0.016416254112811002,-0.005709215441832564,0.8735609889030457,0.998038571107869,0.7490834066982224,18.30898304649883,29.810696793539876,-111.4217973826237,15.323259796603383,-81.69101695350116,0
2024-01-19,0.7609930038452148,0.795835018157959,0.7442060112953186,0.784716010093689,485827074,0.7609930038452148,0.784716010093689,0.795835018157959,0.7442060112953186,485827074,0.8454598903656005,0.8257648465221326,39.21623812331153,-0.021941224188047226,-0.008955617191075496,0.8639562904834748,0.9919996479511541,0.7359129330157954,7.944588526736777,18.80732209293144,-137.0889429605763,16.138707036259884,-92.05541147326322,1
2024-01-20,0.7851189970970154,0.7853320240974426,0.7516829967498779,0.7610300183296204,307272865,0.7851189970970154,0.7610300183296204,0.7853320240974426,0.7516829967498779,307272865,0.8341831922531128,0.8183746920812022,42.40842849320588,-0.02409528134727046,-0.01198355002231449,0.8546818405389786,0.9772346300333223,0.7321290510446348,19.36242222236013,15.20533126519858,-120.64094092612366,16.89590804451235,-80.63757777763988,0
2024-01-21,0.7823240160942078,0.8062649965286255,0.780888020992279,0.7850810289382935,248417785,0.7823240160942078,0.7850810289382935,0.8062649965286255,0.780888020992279,248417785,0.8196815967559814,0.8118200237199305,42.132373583005446,-0.025731304314438264,-0.014733100880739246,0.843015444278717,0.9446993824889796,0.7413315060684544,18.039673436873244,15.115561395323388,-92.11244944939158,17.010021703772768,-81.96032656312676,0
2024-01-22,0.7456870079040527,0.7901449799537659,0.7364190220832825,0.7825170159339905,420512434,0.7456870079040527,0.7825170159339905,0.7901449799537659,0.7364190220832825,420512434,0.80782909989357,0.7997958390261345,38.58664011892681,-0.029642464793178336,-0.017714973663227065,0.8318138957023621,0.924126316050499,0.7395014753542252,4.230257970893052,13.877451210042144,-136.19945498895893,17.87028615223685,-95.76974202910695,0
2024-01-23,0.724141001701355,0.763338029384613,0.6932870149612427,0.7457090020179749,436342212,0.724141001701355,0.7457090020179749,0.763338029384613,0.6932870149612427,436342212,0.7920521020889282,0.7860404140579927,36.634069341568505,-0.03408772817254124,-0.0209895245650899,0.8252498954534531,0.9279945782172487,0.7225052126896574,11.766452141137234,11.345461182967846,-167.8537964637097,19.27317098245096,-88.23354785886276,1
2024-01-24,0.7383360266685486,0.7448760271072388,0.7164220213890076,0.7241730093955994,308315691,0.7383360266685486,0.7241730093955994,0.7448760271072388,0.7164220213890076,308315691,0.7820928037166596,0.7773668890780937,38.83021352160881,-0.03604965357867562,-0.024001550367807045,0.8179948478937149,0.923728398772394,0.7122612970150358,17.179855709551543,11.05885527386061,-139.10908949016377,20.57584975336406,-82.82014429044845,0
2024-01-25,0.73225998878479,0.7386019825935364,0.7177640199661255,0.7383790016174316,218772728,0.73225998878479,0.7383790016174316,0.7386019825935364,0.7177640199661255,218772728,0.7708240032196045,0.7691656344793112,38.219608653433426,-0.037660650539124374,-0.02673337040207051,0.8120068967342376,0.9227982592588923,0.701215534209583,15.58127686507163,14.842528238586803,-128.11206058114908,21.785480040640515,-84.41872313492837,1
2024-01-26,0.7590199708938599,0.7618680000305176,0.7275220155715942,0.7322329878807068,247156121,0.7590199708938599,0.7322329878807068,0.7618680000305176,0.7275220155715942,247156121,0.7622085988521576,0.7673209683728655,42.507572905600846,-0.036358947014659915,-0.028658485724588394,0.8085458964109421,0.9213981546860944,0.6956936381357898,33.8738906983916,22.21167442433826,-86.36125511157596,22.17854279735554,-66.12610930160841,1
2024-01-27,0.7880309820175171,0.7882840037345886,0.7563629746437073,0.7590029835700989,213655164,0.7880309820175171,0.7590029835700989,0.7882840037345886,0.7563629746437073,213655164,0.7600615978240967,0.7710864253991657,46.81714250905259,-0.032610478157825695,-0.029448884211235857,0.8079103946685791,0.9210740189544394,0.6947467703827187,50.12511253821569,33.19342670055964,-41.55175563377537,21.785964317586195,-49.87488746178431,1
2024-01-28,0.7892820239067078,0.80970698595047,0.7823609709739685,0.7880229949951172,298814536,0.7892820239067078,0.7880229949951172,0.80970698595047,0.7823609709739685,298814536,0.7605193018913269,0.7743947160369006,47.001635297536396,-0.029202215989284297,-0.029399550566845546,0.805242845416069,0.9175184609178252,0.6929672299143129,55.462482656448394,46.48716196435189,-17.19352707039618,20.856064025924347,-44.537517343551606,1
2024-01-29,0.8131729960441589,0.8152710199356079,0.7750530242919922,0.789156973361969,307165972,0.8131729960441589,0.789156973361969,0.8152710199356079,0.7750530242919922,307165972,0.7657373011112213,0.7814453124018567,50.53093153294377,-0.02429330379511141,-0.02837830121249872,0.805598595738411,0.9179273639543956,0.6932698275224264,73.21638725435773,59.601327483007275,-6.101927910209027,20.151031561432887,-26.783612745642277,0
2024-01-30,0.7998849749565125,0.8211669921875,0.7965729832649231,0.8131729960441589,322560869,0.7998849749565125,0.8131729960441589,0.8211669921875,0.7965729832649231,322560869,0.7672138988971711,0.7847979783208849,48.59269060207739,-0.02123045627908904,-0.02694873222581679,0.8006985455751419,0.904741071024438,0.6966560201258457,68.21876486454218,65.63254492511611,5.626587260809717,19.332350792904055,-31.78123513545782,0
2024-01-31,0.7864369750022888,0.832726001739502,0.7810900211334229,0.7998179793357849,463753986,0.7864369750022888,0.7998179793357849,0.832726001739502,0.7810900211334229,463753986,0.7676251947879791,0.7850959777175038,46.6427702755703,-0.01966162182523079,-0.02549131014569959,0.7936533957719802,0.880021091746026,0.7072856997979344,66.80338275060507,69.41284495650166,7.284008038052145,18.932649454606526,-33.19661724939493,1
2024-02-01,0.8110769987106323,0.8160189986228943,0.7661370038986206,0.7864350080490112,311645614,0.8110769987106323,0.7864350080490112,0.8160189986228943,0.7661370038986206,311645614,0.7741641938686371,0.7898197997162545,50.55760578119365,-0.016242828019117916,-0.02364161372038326,0.7909966468811035,0.871595402289582,0.710397891472625,84.4742108867324,73.16545283395988,12.373454356668116,18.896462344789118,-15.525789113267601,0
2024-02-02,0.7983400225639343,0.8218079805374146,0.7965099811553955,0.8110669851303101,247304224,0.7983400225639343,0.8110669851303101,0.8218079805374146,0.7965099811553955,247304224,0.781584095954895,0.7913689311431054,48.57365485558455,-0.01439523748735183,-0.021792338473776974,0.7868180990219116,0.8559847107194278,0.7176514873243953,75.3397668972958,75.53912017821109,38.86179207880255,18.675385109833236,-24.6602331027042,0
2024-02-03,0.7844619750976562,0.8053449988365173,0.7816399931907654,0.798445999622345,195829064,0.7844619750976562,0.798445999622345,0.8053449988365173,0.7816399931907654,195829064,0.7861966907978057,0.7901131209530237,46.43549005447717,-0.013890727467040342,-0.020212016272429648,0.7841447472572327,0.849214541685007,0.7190749528294584,65.38699272205926,75.06699016869582,12.698624621423631,18.817517366469158,-34.61300727794074,0
2024-02-04,0.7739139795303345,0.7876269817352295,0.7710000276565552,0.7844930291175842,185109142,0.7739139795303345,0.7844930291175842,0.7876269817352295,0.7710000276565552,185109142,0.7903620898723602,0.7871678225125347,44.8205951445852,-0.014178592738924078,-0.019005331565728534,0.7805930465459824,0.8394585423802823,0.7217275507116825,57.822397044025855,66.18305222112697,-11.70251256899482,19.190994190112285,-42.177602955974145,1
2024-02-05,0.7793200016021729,0.7937340140342712,0.7643920183181763,0.7738280296325684,215079612,0.7793200016021729,0.7738280296325684,0.7937340140342712,0.7643920183181763,215079612,0.7923920929431916,0.785740945983378,45.8598128666484,-0.013811299179952163,-0.01796652508857326,0.7773003458976746,0.8281723709421485,0.7264283208532007,61.699377361184375,61.63625570908983,1.9168355288083734,19.688145352708997,-38.300622638815625,1
2024-02-06,0.8057799935340881,0.8160970211029053,0.7773069739341736,0.779358983039856,249129735,0.8057799935340881,0.779358983039856,0.8160970211029053,0.7773069739341736,249129735,0.7941669940948486,0.7893844091744161,50.74904609810262,-0.011255371261061242,-0.01662429432307086,0.7771142959594727,0.8275391530637325,0.7266894388552129,76.83139637679712,65.45105692733578,72.42339749984205,19.32316795410574,-23.168603623202888,1
2024-02-07,0.8335319757461548,0.8366490006446838,0.7874450087547302,0.8057630062103271,266774734,0.8335319757461548,0.8057630062103271,0.8366490006446838,0.7874450087547302,266774734,0.7985919892787934,0.7974112394601867,55.30775782538274,-0.006910763954288912,-0.01468158824931447,0.7795556455850601,0.8356260716031403,0.7234852195669799,97.37811716775488,78.63629696857879,124.71844577110583,18.303047799131228,-2.621882832245123,1
2024-02-08,0.8343909978866577,0.8469499945640564,0.825501024723053,0.8335469961166382,323145784,0.8343909978866577,0.8335469961166382,0.8469499945640564,0.825501024723053,323145784,0.8007137894630432,0.8041348319013633,55.44523060578556,-0.0033595882132243515,-0.012417188242096448,0.7832255452871323,0.8434126606631966,0.7230384299110679,89.48404152582088,87.8978516901243,151.59398408657393,17.033193433095956,-10.515958474179119,1
2024-02-09,0.8530579805374146,0.8584849834442139,0.8322309851646423,0.8344020247459412,326260757,0.8530579805374146,0.8344020247459412,0.8584849834442139,0.8322309851646423,326260757,0.8060310900211334,0.8130299498351907,58.437114355987305,0.0009500619174503955,-0.00974373821018708,0.7866224944591522,0.8540830649668815,0.719161923951423,94.6857656145397,93.84930810270515,161.34726950032953,16.132984329309604,-5.314234385460302,0
2024-02-10,0.848924994468689,0.8681610226631165,0.8393679857254028,0.853069007396698,261630361,0.848924994468689,0.853069007396698,0.8681610226631165,0.8393679857254028,261630361,0.8122798919677734,0.8195563215867359,57.5162084364237,0.003986044619277873,-0.00699778164429409,0.7899525433778762,0.8626106233708191,0.7172944633849334,81.46264550203767,88.54415088079942,149.67758008866107,15.588104779422933,-18.537354497962326,0
2024-02-11,0.834954023361206,0.864795982837677,0.8324329853057861,0.8489429950714111,237749039,0.834954023361206,0.8489429950714111,0.864795982837677,0.8324329853057861,237749039,0.8146675944328308,0.8223559037275485,54.39561133375454,0.00520474511362512,-0.004557276292710248,0.794415894150734,0.8666145762838299,0.7222172120176381,67.99911542802657,81.38250884820131,119.55527981375924,14.8352362304933,-32.00088457197343,1
2024-02-12,0.881026029586792,0.8845279812812805,0.8192089796066284,0.8350570201873779,367786970,0.881026029586792,0.8350570201873779,0.8845279812812805,0.8192089796066284,367786970,0.8229361951351166,0.83302319933832,61.7631834066723,0.00977551385951514,-0.0016907182622651709,0.8022601455450058,0.8762808966375605,0.7282393944524511,97.08500967727372,82.18225686911266,150.4893638326676,14.739329950226665,-2.914990322726287,0
2024-02-13,0.8536790013313293,0.8845850229263306,0.8454239964485168,0.8808879852294922,339407397,0.8536790013313293,0.8808879852294922,0.8845850229263306,0.8454239964485168,339407397,0.8298578977584838,0.8367787997006852,55.981914144518846,0.011063669296918932,0.0008601592495716497,0.8080272942781448,0.8791437672328275,0.7369108213234621,74.28633912950333,79.79015474493455,132.03733580904407,14.651984471686717,-25.71366087049666,1
2024-02-14,0.8908730149269104,0.8930820226669312,0.8453130125999451,0.8535919785499573,363639708,0.8908730149269104,0.8535919785499573,0.8930820226669312,0.8453130125999451,363639708,0.8415538012981415,0.8466141115599989,61.28920839343344,0.014913870005678787,0.0036709014007930774,0.8159579455852508,0.8868840872716041,0.7450318038988976,98.28346595277574,89.88493825318426,145.08730438846555,14.833514666990578,-1.716534047224255,0
2024-02-15,0.8899279832839966,0.9091780185699463,0.8740620017051697,0.8908560276031494,414566018,0.8899279832839966,0.8908560276031494,0.9091780185699463,0.8740620017051697,414566018,0.8526145994663239,0.854489360964362,61.08767195643947,0.01768506325036434,0.00647373377070733,0.8225033462047577,0.8953392933769659,0.7496673990325495,86.70449128197781,86.42476545475229,154.42670534915655,15.474142453282619,-13.295508718022186,1
2024-02-16,0.9527379870414734,0.9553509950637817,0.8876050114631653,0.8899869918823242,629406406,0.9527379870414734,0.8899869918823242,0.9553509950637817,0.8876050114631653,629406406,0.8673103988170624,0.8723527475238368,68.50128001740367,0.024665171496792815,0.010112021315924428,0.8307386964559555,0.9212281145205855,0.7402492783913256,98.63163907408794,94.5398654362805,199.91146515205824,17.145526204826968,-1.3683609259120533,0
2024-02-17,0.928708016872406,0.9584529995918274,0.9062619805335999,0.9526429772377014,424799841,0.928708016872406,0.9526429772377014,0.9584529995918274,0.9062619805335999,424799841,0.8768280029296875,0.8825991601326676,63.51552009734152,0.027935912001199603,0.013676799452979463,0.8377099961042405,0.9355353768360931,0.7398846153723878,84.6723527191295,90.00282769173175,168.58539116790587,18.75912475600747,-15.327647280870496,1
2024-02-18,0.9989640116691589,0.9989640116691589,0.9194440245628357,0.9286959767341614,446422115,0.9989640116691589,0.9286959767341614,0.9989640116691589,0.9194440245628357,446422115,0.8932853043079376,0.903756405866575,70.31766114629474,0.0357845668303054,0.018098352928444653,0.8469995468854904,0.9666021418959455,0.7273969518750353,100.0,94.43466393107248,199.32743280382329,20.970173047379667,-0.0,0
2024-02-19,0.9964349865913391,1.0097160339355469,0.9772160053253174,0.9989479780197144,538541025,0.9964349865913391,0.9989479780197144,1.0097160339355469,0.9772160053253174,538541025,0.90762300491333,0.9206070569074412,69.81308267072069,0.041324250900117154,0.022743532522779154,0.8568270474672317,0.9907699278786389,0.7228841670558245,94.28548639879646,92.98594637264199,190.85367348539654,23.185590518160204,-5.714513601203536,1
2024-02-20,1.0261470079421997,1.0324820280075073,0.9467269778251648,0.9964479804039001,723109903,1.0261470079421997,0.9964479804039001,1.0324820280075073,0.9467269778251648,723109903,0.9253452062606812,0.9397961389137608,72.3255851348501,0.047563717320122434,0.027707569482247812,0.8688125491142273,1.0175034484884298,0.7201216497400249,97.41466816539565,97.23338485473072,166.24562020917284,23.92639609003958,-2.585331834604342,0
2024-02-21,0.9508240222930908,1.0342880487442017,0.9104940295219421,1.0259770154953003,663661122,0.9508240222930908,1.0259770154953003,1.0342880487442017,0.9104940295219421,663661122,0.9369322061538696,0.9418012086190934,58.93395793284612,0.04590148027751817,0.03134635164130188,0.8757999002933502,1.0261068823042336,0.7254929182824666,61.19379408429377,84.29798288282863,105.57529464295297,23.332742955784248,-38.80620591570623,1
2024-02-22,0.991366982460022,1.044664978981018,0.9229120016098022,0.9508609771728516,856144265,0.991366982460022,0.9508609771728516,1.044664978981018,0.9229120016098022,856144265,0.9479663014411926,0.9508131674992621,62.914300753633164,0.047310260268537685,0.03453913336674905,0.8854512482881546,1.0393692080371242,0.731533288539185,76.35991205872058,78.32279143613665,112.08931066752017,23.021294000953638,-23.640087941279422,0
2024-02-23,0.9879630208015442,1.0054600238800049,0.9463689923286438,0.9913120269775391,636720506,0.9879630208015442,0.9913120269775391,1.0054600238800049,0.9463689923286438,636720506,0.9613947033882141,0.9575676862814952,62.3677236779953,0.04760331590961697,0.037151969875322634,0.895626300573349,1.0483959887255418,0.7428566124211561,74.85010009189631,70.80126874497022,93.17899394981725,22.7320914000395,-25.149899908103688,1
2024-02-24,0.9949399828910828,1.0289620161056519,0.974793016910553,0.9878699779510498,414625658,0.9949399828910828,0.9878699779510498,1.0289620161056519,0.974793016910553,414625658,0.9718014001846313,0.9643626493014202,63.07579911742307,0.04784699675339299,0.03929097525093671,0.9066776007413864,1.0545285945049327,0.75882660697784,77.94470041697025,76.38490418919571,100.71200115042917,23.011138949442223,-22.055299583029743,1
2024-02-25,0.9982590079307556,1.0030930042266846,0.9658399820327759,0.9949300289154053,391918401,0.9982590079307556,0.9949300289154053,1.0030930042266846,0.9658399820327759,391918401,0.9826345026493073,0.9705256235976629,63.428326393907795,0.04775741540335243,0.04098426328141985,0.9176245510578156,1.0583868069675695,0.7768622951480616,79.41683912646688,77.40387987844449,81.32434900896408,22.932264690498094,-20.58316087353312,1
2024-02-26,1.0593090057373047,1.0712929964065552,0.9741960167884827,0.9983109831809998,842425073,1.0593090057373047,0.9983109831809998,1.0712929964065552,0.9741960167884827,842425073,0.9932916045188904,0.9866680567139614,69.24480249806423,0.052013071829873136,0.043190024991110514,0.9303010016679764,1.0741213723341136,0.7864806310018391,94.69687957872137,84.01947304071949,118.5517730540737,24.16769742117695,-5.303120421278633,0
2024-02-27,1.028594970703125,1.0761159658432007,1.0210319757461548,1.0593489408493042,643333432,1.028594970703125,1.0593489408493042,1.0761159658432007,1.0210319757461548,643333432,1.0032802999019623,0.9942911319847183,63.75140786212662,0.052304411570661236,0.04501290230702066,0.9400541514158249,1.0827541699606533,0.7973541328709964,79.41057751978123,84.5080987416565,115.72771556705274,25.38982908588364,-20.58942248021877,0
2024-02-28,1.0107159614562988,1.0678420066833496,0.9667729735374451,1.028601050376892,899092094,1.0107159614562988,1.028601050376892,1.0678420066833496,0.9667729735374451,899092094,1.0044554948806763,0.9972774646159146,60.73106813668583,0.050510361780128354,0.0461123942016422,0.948870399594307,1.0860493638775006,0.8116914353111132,67.63240718097244,80.57995475982501,79.41302514238822,24.75490878921034,-32.367592819027564,0
2024-02-29,1.0012329816818237,1.0604150295257568,0.9830319881439209,1.0107120275497437,818500152,1.0012329816818237,1.0107120275497437,1.0604150295257568,0.9830319881439209,818500152,1.0049352943897247,0.997996649536989,59.13089661201824,0.04777267353738668,0.046444450068791096,0.9562791496515274,1.087849944296981,0.8247083550060738,60.27658742291765,69.10652404122378,73.44743252655162,24.165339942299422,-39.72341257708235,1
2024-03-01,1.0250710248947144,1.0284090042114258,1.0009169578552246,1.0009169578552246,483269403,1.0250710248947144,1.0009169578552246,1.0284090042114258,1.0009169578552246,483269403,1.0048276960849762,1.0029192632383934,61.8519579558287,0.04698495344923126,0.04655255074487913,0.9650864511728287,1.0901547575345063,0.8400181448111509,69.94775197329382,65.9522488590613,72.90128033505442,23.61788315588214,-30.052248026706184,1
2024-03-02,1.0944709777832031,1.100633978843689,1.0247310400009155,1.0251669883728027,801150809,1.0944709777832031,1.0251669883728027,1.100633978843689,1.0247310400009155,801150809,1.0191923916339873,1.0195650295192678,68.43996374835453,0.051368531349054614,0.04751574686571423,0.9780622988939285,1.100249745677396,0.8558748521104608,96.7587026911125,75.66101402910799,139.01914246068011,24.455932548406917,-3.241297308887502,0
2024-03-03,1.0892410278320312,1.1170510053634644,1.0468590259552002,1.0945229530334473,756889931,1.0892410278320312,1.0945229530334473,1.1170510053634644,1.0468590259552002,756889931,1.0289797961711884,1.0322333928488612,67.49400980801795,0.05380035812518691,0.04877266911760876,0.9884730488061905,1.1112947559184485,0.8656513416939324,86.5364132980094,84.41428932080525,148.01305913574552,25.475940086427723,-13.463586701990593,1
2024-03-04,1.1472630500793457,1.1499240398406982,1.082677960395813,1.0892590284347534,1128927831,1.1472630500793457,1.0892590284347534,1.1499240398406982,1.082677960395813,1128927831,1.0449097990989684,1.0531478759816766,72.10110543840901,0.05972106340684058,0.05096234797545513,1.0031522512435913,1.1281811345270611,0.8781233679601216,98.8886147739751,94.061243587699,194.46222538587213,26.867102505761558,-1.111385226024896,0
2024-03-05,1.0340839624404907,1.147212028503418,0.9502919912338257,1.147212028503418,1493876586,1.0340839624404907,1.147212028503418,1.147212028503418,0.9502919912338257,1493876586,1.0488241970539094,1.0496817098832791,55.5594263578808,0.054650679489289145,0.05170001427822194,1.0103127986192704,1.1247556082237908,0.89586998901475,51.618396855937895,79.01447497597414,63.52742918993496,24.99499158175932,-48.381603144062105,1
2024-03-06,1.1171560287475586,1.1179150342941284,0.995826005935669,1.0341119766235352,906983640,1.1171560287475586,1.0341119766235352,1.1179150342941284,0.995826005935669,906983640,1.0607138991355896,1.0619497678586027,62.38145009414719,0.0566821882109817,0.0526964490647739,1.0216742008924484,1.1310607870715248,0.9122876147133722,85.56551830973342,78.69084331321547,107.70777653959817,23.256602866614383,-14.434481690266578,1
2024-03-07,1.161350965499878,1.1752760410308838,1.1021389961242676,1.1171640157699585,796535808,1.161350965499878,1.1171640157699585,1.1752760410308838,1.1021389961242676,796535808,1.0709180951118469,1.0800227128842892,65.42253732783836,0.06115339725567237,0.05438783870295359,1.0321048498153687,1.1524448302305166,0.9117648694002207,93.91671177888477,77.03354231485203,188.4100765942407,22.586963935167457,-6.083288221115226,0
2024-03-08,1.1278760433197021,1.177981972694397,1.1024149656295776,1.161391019821167,660137697,1.1278760433197021,1.161391019821167,1.177981972694397,1.1024149656295776,660137697,1.0808462023735046,1.0887233184180005,61.37535659773927,0.061289212290494,0.055768113420461674,1.0420632511377335,1.15945692706302,0.9246695752124471,77.99379267665688,85.82534092175835,150.0456252420642,22.006476022194487,-22.006207323343116,1
2024-03-09,1.1586380004882812,1.15864098072052,1.122270941734314,1.1278749704360962,457445910,1.1586380004882812,1.1278749704360962,1.15864098072052,1.122270941734314,457445910,1.0956384062767028,1.1014350787944152,63.60360041298313,0.06315111282079067,0.057244713300527474,1.0500469505786896,1.1760340247921657,0.9240598763652136,91.50424973376991,87.80491806310386,141.57232532202573,21.467451531576728,-8.495750266230088,1
2024-03-10,1.230849027633667,1.245872974395752,1.1493619680404663,1.158619999885559,1073278624,1.230849027633667,1.158619999885559,1.245872974395752,1.1493619680404663,1073278624,1.1186000108718872,1.124964887674279,68.23601529255171,0.06965061981400789,0.059725894603223556,1.061767652630806,1.2076658127270072,0.9158694925346047,94.917147036535,88.1383964823206,182.61517724450246,22.193384354788215,-5.082852963465003,1
2024-03-11,1.2437700033187866,1.2492090463638306,1.1772229671478271,1.2307699918746948,848063405,1.2437700033187866,1.2307699918746948,1.2492090463638306,1.1772229671478271,848063405,1.1404699087142944,1.1465658177914622,68.99640725406246,0.07497981999367198,0.06277667968131324,1.0726488023996352,1.2375241507809926,0.9077734540182779,98.18041729245647,94.86727135425379,166.44974353793052,22.907506695233497,-1.8195827075435353,0
2024-03-12,1.1817009449005127,1.2450909614562988,1.1366699934005737,1.2437700033187866,764958192,1.1817009449005127,1.2437700033187866,1.2450909614562988,1.1366699934005737,764958192,1.1491929054260255,1.1529540227203805,61.39334780213221,0.07334927051709417,0.06489119784846943,1.0841926485300064,1.2456270237948557,0.9227582732651571,77.41577460879331,90.1711129792616,114.58866104753227,22.65535696994227,-22.584225391206694,1
2024-03-13,1.2714049816131592,1.2871819734573364,1.1770999431610107,1.1816920042037964,957406863,1.2714049816131592,1.1816920042037964,1.2871819734573364,1.1770999431610107,957406863,1.1674093008041382,1.1744905607008855,67.04532560446123,0.07839176293825334,0.06759131086642621,1.0981945484876632,1.2730179318860968,0.9233711650892295,95.31687118149155,90.30435436091379,147.43574972227634,22.98417539014764,-4.683128818508456,0
2024-03-14,1.2218940258026123,1.2842119932174683,1.1669379472732544,1.2713749408721924,825429823,1.2218940258026123,1.2713749408721924,1.2842119932174683,1.1669379472732544,825429823,1.1748723983764648,1.183109372537563,61.67817449637797,0.0774994882982829,0.06957294635279755,1.1098910987377166,1.2849513524512968,0.9348308450241365,80.62039505484357,84.45101361504281,112.12907920031908,23.064196713163167,-19.379604945156434,0
2024-03-15,1.1406630277633667,1.2290209531784058,1.0773489475250244,1.2218940258026123,976771347,1.1406630277633667,1.2218940258026123,1.2290209531784058,1.0773489475250244,976771347,1.1855303049087524,1.1753918553058909,54.035279657838075,0.06943726201827194,0.06954580948589242,1.117177250981331,1.2844505928159142,0.9499039091467476,56.50836966806533,77.48187863480015,37.75579191045769,21.44978551727917,-43.49163033193467,0
2024-03-16,1.0434010028839111,1.1673849821090698,1.0266389846801758,1.1406309604644775,714029994,1.0434010028839111,1.1406309604644775,1.1673849821090698,1.0266389846801758,714029994,1.1781548023223878,1.1513935185018944,46.590823739084655,0.054570601130235374,0.06655076781476102,1.1194343507289886,1.2813610938631763,0.9575076075948009,27.637809541131436,54.92219142134678,-35.26942641208814,20.63121980730305,-72.36219045886857,1
2024-03-17,1.0887809991836548,1.0986590385437012,1.0103169679641724,1.0434019565582275,558016826,1.0887809991836548,1.0434019565582275,1.0986590385437012,1.0103169679641724,558016826,1.1708978056907653,1.1400094240803962,50.04869061071352,0.04592110183582476,0.06242483461897377,1.1209079504013062,1.2811468293545327,0.9606690714480798,41.108081349224605,41.75142018614046,-51.50579328199919,20.094918080101735,-58.891918650775395,0
2024-03-18,1.030447006225586,1.0888270139694214,1.0097160339355469,1.0887809991836548,464278944,1.030447006225586,1.0887809991836548,1.0888270139694214,1.0097160339355469,464278944,1.1611549019813538,1.1200889844704307,45.93198739969335,0.033967687259949475,0.05673340514716892,1.121000552177429,1.2810279350464624,0.9609731693083958,23.792638315549897,30.846176401968645,-75.49616975623569,19.605476304571994,-76.2073616844501,0
2024-03-19,0.9320589900016785,1.03569495677948,0.9116399884223938,1.0304460525512695,773940034,0.9320589900016785,1.0304460525512695,1.03569495677948,0.9116399884223938,773940034,1.1384970009326936,1.0859017127488393,39.96157156717879,0.016366763579964028,0.048660076833727944,1.117067703604698,1.2910048723458993,0.9431305348634967,5.437208725779294,23.4459761301846,-152.72301516593873,20.35941691294148,-94.5627912742207,1
2024-03-20,1.0091029405593872,1.0166319608688354,0.9133530259132385,0.9320399761199951,646946323,1.0091029405593872,0.9320399761199951,1.0166319608688354,0.9133530259132385,646946323,1.1163223922252654,1.0719382996234843,45.89256339601287,0.008536306455462661,0.04063532275807489,1.1174612015485763,1.2903810117453085,0.9445413913518441,25.952611431162588,18.394152824163925,-127.71772629355645,21.05950462071314,-74.04738856883742,0
2024-03-21,0.9947720170021057,1.012382984161377,0.9723550081253052,1.0091079473495483,423854093,0.9947720170021057,1.0091079473495483,1.012382984161377,0.9723550081253052,423854093,1.0914225935935975,1.0579080664195972,45.002029551151175,0.0011608455020051256,0.032740427306860935,1.115946251153946,1.2925684997869828,0.939324002520909,22.13654714851039,17.842122435150756,-111.35836289993199,21.709586063643975,-77.86345285148961,0
2024-03-22,0.9701550006866455,1.018267035484314,0.9540529847145081,0.9948049783706665,391815039,0.9701550006866455,0.9948049783706665,1.018267035484314,0.9540529847145081,391815039,1.0702679991722106,1.0419529635590605,43.44258585713897,-0.006594629144837549,0.024873416016521238,1.109730452299118,1.2973461615557516,0.9221147430424844,15.58148345485449,21.22354734484249,-111.35898791651351,22.53010344738263,-84.41851654514551,1
2024-03-23,0.9805579781532288,1.0026170015335083,0.9574609994888306,0.9701550006866455,301894931,0.9805579781532288,0.9701550006866455,1.0026170015335083,0.9574609994888306,301894931,1.0411832988262177,1.0307902389398182,44.32067476120559,-0.011765836102780591,0.017545565592660874,1.104296299815178,1.300088732302724,0.9085038673276319,18.351607137727203,18.689879247030696,-100.21919847732954,23.292012446568524,-81.6483928622728,1
2024-03-24,1.0111030340194702,1.0142649412155151,0.9771000146865845,0.9805579781532288,295313322,1.0111030340194702,0.9805579781532288,1.0142649412155151,0.9771000146865845,295313322,1.0201041996479034,1.0272107471361185,46.926210252949055,-0.0132466252901553,0.01138712741609764,1.0974882990121841,1.2962772568341343,0.898699341190234,26.48519994051312,20.13943017769827,-74.87516311926349,23.703700644443767,-73.51480005948687,1
2024-03-25,1.0454180240631104,1.059790015220642,1.0033609867095947,1.0110950469970703,408349421,1.0454180240631104,1.0110950469970703,1.059790015220642,1.0033609867095947,408349421,1.0105796992778777,1.0305211611228442,49.76997744650879,-0.01151845094299131,0.0068060117442798485,1.098055002093315,1.2961812393004137,0.8999287648862163,35.62265764459573,26.819821574278688,-45.81223681250746,23.01924964530404,-64.37734235540427,1
2024-03-26,1.0458710193634033,1.0767910480499268,1.0274169445037842,1.0454180240631104,411442489,1.0458710193634033,1.0454180240631104,1.0767910480499268,1.0274169445037842,411442489,1.010826700925827,1.0333120444393096,49.80821068809059,-0.0099970674169223,0.003445395912039419,1.0944907516241074,1.2936762282811076,0.8953052749671071,35.743282053675,32.617046546261285,-33.11710510748958,22.021194963661493,-64.256717946325,0
2024-03-27,1.0088469982147217,1.0830470323562622,1.0006630420684814,1.0458660125732422,555503456,1.0088469982147217,1.0458660125732422,1.0830470323562622,1.0006630420684814,555503456,1.0028333008289336,1.0288638542166573,46.680761568681625,-0.011644656741214066,0.00042738538138872243,1.0868655532598495,1.2869035305801722,0.8868275759395268,26.090798165523626,32.48557928793145,-44.17644056874441,21.54972567699533,-73.90920183447638,0
2024-03-28,1.00205397605896,1.0253750085830688,0.9962329864501953,1.0088469982147217,347140798,1.00205397605896,1.0088469982147217,1.0253750085830688,0.9962329864501953,347140798,0.9999939978122712,1.0239893309152577,46.1087083962276,-0.013344693942287211,-0.0023270304833464647,1.0805744498968124,1.2829580191675878,0.878190880626037,28.487526876752774,30.107202365317136,-57.78824232059764,21.18650060392709,-71.51247312324722,0
2024-03-29,0.9914469718933105,1.0058139562606812,0.9784770011901855,1.00205397605896,302147129,0.9914469718933105,1.00205397605896,1.0058139562606812,0.9784770011901855,302147129,1.0059327960014344,1.0180725383658127,45.177734915006205,-0.015370698418538442,-0.004935764070384861,1.0722148984670639,1.274821755683733,0.8696080412503948,31.20568747816493,28.594670840147113,-65.47868005872647,21.151031591017368,-68.79431252183507,0
2024-03-30,0.9805189967155457,1.0030430555343628,0.9765300154685974,0.9914469718933105,280872821,0.9805189967155457,0.9914469718933105,1.0030430555343628,0.9765300154685974,280872821,1.00307440161705,1.0112446217021276,44.187840720744475,-0.01765460651618045,-0.0074795325595439785,1.0596983969211577,1.2522381529190718,0.8671586409232436,36.829942323241625,32.174385559386444,-65.92988060608678,21.15173248680097,-63.170057676758375,1
2024-03-31,1.003391981124878,1.0037230253219604,0.9784640073776245,0.9805189967155457,195642572,1.003391981124878,0.9805189967155457,1.0037230253219604,0.9784640073776245,195642572,1.0039363980293274,1.0098168688699003,46.814624763737264,-0.017418175568389982,-0.00946726116131318,1.0476794958114624,1.221895892685584,0.8734630989373405,51.782568401506374,39.93939940097098,-55.09378395380281,21.13309979678433,-48.217431598493626,0
2024-04-01,0.9512689709663391,1.006850004196167,0.9276940226554871,1.0033930540084839,391430716,0.9512689709663391,1.0033930540084839,1.006850004196167,0.9276940226554871,391430716,1.0020477950572968,0.9991717965237982,41.96734208175847,-0.021192400843384585,-0.011812289097727462,1.0361578971147538,1.2037496990941046,0.868566095135403,23.119809801535816,37.2441068420946,-86.04878432432622,21.97437255919905,-76.88019019846418,0
2024-04-02,0.8998749852180481,0.951399028301239,0.8866339921951294,0.9512850046157837,385713176,0.8998749852180481,0.9512850046157837,0.951399028301239,0.8866339921951294,385713176,0.9939794957637786,0.9811178308318436,37.81021378278869,-0.02800771123712298,-0.015051373525606565,1.017581397294998,1.156696583275829,0.8784662113141672,6.7414022063179155,27.214593469786706,-143.16340184029124,23.31560217175998,-93.25859779368209,0
2024-04-03,0.8955680131912231,0.9214969873428345,0.8767790198326111,0.8998749852180481,304002133,0.8955680131912231,0.8998749852180481,0.9214969873428345,0.8767790198326111,304002133,0.982425993680954,0.9655633185335489,37.47519412620159,-0.03337174180715341,-0.018715447181915937,1.0012650966644288,1.1149175117376042,0.8876126815912533,9.109019439675686,12.990077149176471,-169.79797850670383,24.685122258335102,-90.89098056032431,1
2024-04-04,0.9054459929466248,0.9219419956207275,0.8743460178375244,0.8955680131912231,267673378,0.9054459929466248,0.8955680131912231,0.9219419956207275,0.8743460178375244,267673378,0.9684287905693054,0.9546328956995627,38.81423041585584,-0.03640603812162213,-0.022253565369857176,0.9895042449235916,1.0910596702134752,0.887948819633708,14.901688513980892,10.250703386658165,-163.8206498244376,25.988597005564305,-85.09831148601911,0
2024-04-05,0.884896993637085,0.9084330201148987,0.8619099855422974,0.9054700136184692,261151471,0.884896993637085,0.9054700136184692,0.9084330201148987,0.8619099855422974,261151471,0.9523313879966736,0.9419536407791121,37.037237053794804,-0.040007688590737445,-0.02580439001403323,0.9815790444612503,1.0896060433872263,0.8735520455352743,10.394915020333881,11.468540991330153,-168.08089081777996,27.36544620295226,-89.60508497966612,1
2024-04-06,0.8976100087165833,0.9055820107460022,0.8828909993171692,0.884896993637085,184899620,0.8976100087165833,0.884896993637085,0.9055820107460022,0.8828909993171692,184899620,0.9412076890468597,0.9338911622222886,38.9009201395125,-0.04135942278565996,-0.02891539656835858,0.9720204949378968,1.0740796787211702,0.8699613111546234,16.143845497004904,13.81348301043989,-129.2662279847037,28.643949029098216,-83.8561545029951,1
2024-04-07,0.9115790128707886,0.9228280186653137,0.8947200179100037,0.8976100087165833,233917268,0.9115790128707886,0.8976100087165833,0.9228280186653137,0.8947200179100037,233917268,0.9321601927280426,0.9298344077947431,40.96855234262891,-0.040832804825954305,-0.03129887821987773,0.9660770952701568,1.0676777060100018,0.8644764845303119,22.46074461249186,16.333168376610214,-92.34574933524193,29.1915606713404,-77.53925538750813,1
2024-04-08,0.9461529850959778,0.9485520124435425,0.8907960057258606,0.9115790128707886,325004407,0.9461529850959778,0.9115790128707886,0.9485520124435425,0.8907960057258606,325004407,0.9276307940483093,0.932801421849513,45.85265001217071,-0.03719684362786835,-0.03247847130147585,0.9667817950248718,1.067621496689283,0.8659420933604607,38.09538056486357,25.566656891453448,-57.430402823215296,28.822875684132935,-61.90461943513643,0
2024-04-09,0.8975229859352112,0.9492220282554626,0.8948280215263367,0.9461529850959778,330591603,0.8975229859352112,0.9461529850959778,0.9492220282554626,0.8948280215263367,330591603,0.9193311929702759,0.9263871607741854,40.74611013395637,-0.03780357659800049,-0.03354349236078078,0.961202797293663,1.0643787888055496,0.8580268057817764,16.104493076130222,25.55353941782855,-71.00403313563417,28.45819362843832,-83.89550692386977,0
2024-04-10,0.8872600197792053,0.9021829962730408,0.8627889752388,0.8975239992141724,337597337,0.8872600197792053,0.8975239992141724,0.9021829962730408,0.8627889752388,337597337,0.9077179968357086,0.9192731351387343,39.74023056300824,-0.038666825352309475,-0.03456815895908652,0.955827197432518,1.0625877954822478,0.8490665993827881,15.507925649993728,23.23593309699584,-99.9380356722045,28.74559106833931,-84.49207435000628,0
2024-04-11,0.8783450126647949,0.8958160281181335,0.8630890250205994,0.8872600197792053,266450382,0.8783450126647949,0.8872600197792053,0.8958160281181335,0.8630890250205994,266450382,0.9004256010055542,0.9118316583252907,38.84319783058606,-0.03961368092276307,-0.03557726335182183,0.9512366980314255,1.0629200681408035,0.8395533279220475,11.339192084517352,14.3172036035471,-94.49507125124362,29.012460119675943,-88.66080791548265,0
2024-04-12,0.7666569948196411,0.8937389850616455,0.7378690242767334,0.8783450126647949,616637181,0.7666569948196411,0.8783450126647949,0.8937389850616455,0.7378690242767334,616637181,0.8871038019657135,0.8854362649606271,29.775347878517863,-0.048813666842557946,-0.038224544049969056,0.9405416488647461,1.077134564955703,0.8039487327737893,10.702604530450598,12.51657408832056,-168.0810107303096,30.911793818331976,-89.2973954695494,0
2024-04-13,0.6551060080528259,0.7722809910774231,0.5935519933700562,0.7666620016098022,848052834,0.6551060080528259,0.7666620016098022,0.7722809910774231,0.5935519933700562,848052834,0.8630576014518738,0.8435580364319359,23.799399207838803,-0.06436400613043314,-0.043452436466061874,0.9227417975664138,1.1035433603235192,0.7419402348093085,14.893373079568907,12.311723231512284,-261.51838255823964,33.62130790110821,-85.1066269204311,1
2024-04-14,0.7121890187263489,0.7175840139389038,0.6360750198364258,0.6551060080528259,623071678,0.7121890187263489,0.6551060080528259,0.7175840139389038,0.6360750198364258,623071678,0.8437319040298462,0.8196727604854656,31.38810264521156,-0.0712601969588813,-0.04901398856462576,0.9060803472995758,1.0995626271636367,0.7125980674355148,28.704959193768666,18.10031226792939,-215.73405985162483,36.13728526368614,-71.29504080623133,0
2024-04-15,0.7077500224113464,0.7516149878501892,0.6861820220947266,0.7121890187263489,446212817,0.7077500224113464,0.7121890187263489,0.7516149878501892,0.6861820220947266,446212817,0.8260172069072723,0.7993231717447167,31.128487631706832,-0.07620522142272101,-0.05445223513624481,0.889174297451973,1.0898003966774694,0.6885481982264765,31.91252627348207,25.170286182273212,-163.36921822045426,37.563995140189185,-68.08747372651793,0
2024-04-16,0.7031580209732056,0.7290830016136169,0.6749399900436401,0.7077500224113464,339894933,0.7031580209732056,0.7077500224113464,0.7290830016136169,0.6749399900436401,339894933,0.8065720081329346,0.7818385988771692,30.844276397634246,-0.07957740627210286,-0.05947726936341642,0.8738898485898972,1.0821504405025386,0.6656292566772557,30.816773090953088,30.47808618606794,-144.5043524483691,38.97070975938461,-69.18322690904691,0
2024-04-17,0.66805100440979,0.7096440196037292,0.6578540205955505,0.7031570076942444,297497467,0.66805100440979,0.7031570076942444,0.7096440196037292,0.6578540205955505,297497467,0.7822192072868347,0.7611499453376457,28.687742978563577,-0.0841131261361121,-0.06440444071795556,0.8571897000074387,1.0750098357474522,0.6393695642674251,20.946102772963926,27.891800712466363,-134.09835444474015,40.40215631807571,-79.05389722703607,1
2024-04-18,0.6764140129089355,0.6908490061759949,0.6513490080833435,0.66805499792099,296184652,0.6764140129089355,0.66805499792099,0.6908490061759949,0.6513490080833435,296184652,0.7552453100681304,0.7457434121687893,29.944289140692348,-0.08604106408506373,-0.0687317653913772,0.8414380520582199,1.0636634346761218,0.6192126694403179,23.297441845382547,25.02010590309985,-116.71975711208171,41.77977485803385,-76.70255815461745,0
2024-04-19,0.6736869812011719,0.6901999711990356,0.6224390268325806,0.6764140129089355,418150369,0.6736869812011719,0.6764140129089355,0.6901999711990356,0.6224390268325806,418150369,0.7328617095947265,0.7326422429019497,29.760143425138978,-0.08678857282420571,-0.07234312687794289,0.8260964512825012,1.0501545784361686,0.6020383241288338,22.53071104427857,22.258085220875014,-107.2739661828961,43.270179731560624,-77.46928895572142,1
2024-04-20,0.7381590008735657,0.740323007106781,0.6653839945793152,0.6736869812011719,249332701,0.7381590008735657,0.6736869812011719,0.740323007106781,0.6653839945793152,249332701,0.7179516077041626,0.7336452898058798,39.26891514447691,-0.0812421171579385,-0.07412292493394201,0.8128348022699357,1.0243966538924476,0.6012729506474237,40.6576301965108,28.828594362057306,-65.02538555127015,43.25479830692334,-59.3423698034892,0
2024-04-21,0.7133960127830505,0.7447019815444946,0.7040249705314636,0.7381560206413269,232353521,0.7133960127830505,0.7381560206413269,0.7447019815444946,0.7040249705314636,232353521,0.7014567077159881,0.7299636030744563,37.186612365430086,-0.07794616242767971,-0.07488757243268955,0.8009411543607712,1.006701676273959,0.5951806324475835,33.69528148515716,32.29454090864885,-54.60574616730822,43.12601536932688,-66.30471851484285,1
2024-04-22,0.7430099844932556,0.7495700120925903,0.7104960083961487,0.7134079933166504,263391903,0.7430099844932556,0.7134079933166504,0.7495700120925903,0.7104960083961487,263391903,0.6990920066833496,0.7323356724233289,41.20207221285592,-0.07211321824415362,-0.07433270159498237,0.7930979043245315,0.9951002548165193,0.5910955538325438,42.021530200415505,38.79148062736116,-40.3836120344673,42.87268226244085,-57.978469799584495,0
2024-04-23,0.7284430265426636,0.7485899925231934,0.724407970905304,0.7430099844932556,220905848,0.7284430265426636,0.7430099844932556,0.7485899925231934,0.724407970905304,220905848,0.7064257085323333,0.7316279186268442,39.852501783125916,-0.06788348120475285,-0.07304285751693647,0.7847416549921036,0.9828872277274848,0.5865960822567223,43.70624853103601,39.807686738869556,-36.26645669858099,42.63744437747524,-56.29375146896399,0
2024-04-24,0.7047240138053894,0.7629560232162476,0.6986579895019531,0.7284430265426636,335418929,0.7047240138053894,0.7284430265426636,0.7629560232162476,0.6986579895019531,335418929,0.7056792080402374,0.7267362995683978,37.68783944491541,-0.06568809871469428,-0.07157190575648803,0.7747055560350418,0.9676444893935985,0.581766622676485,36.77977121161299,40.835849981021504,-40.16548678806239,42.74316262056521,-63.22022878838701,1
2024-04-25,0.7205119729042053,0.7267720103263855,0.6926550269126892,0.7047330141067505,273344290,0.7205119729042053,0.7047330141067505,0.7267720103263855,0.6926550269126892,273344290,0.7069554030895233,0.7256046038112719,40.023086077862494,-0.06196004904406249,-0.06964953441400293,0.7664863049983979,0.9538740472908828,0.579098562705913,42.293631319170295,40.92655035393977,-42.68795640158323,42.91520521418032,-57.706368680829705,0
2024-04-26,0.7026849985122681,0.7311260104179382,0.7012379765510559,0.7205119729042053,247154158,0.7026849985122681,0.7205119729042053,0.7311260104179382,0.7012379765510559,247154158,0.7069081008434296,0.7214374028478165,38.27865834064267,-0.059755209805812615,-0.06767066949236487,0.756740054488182,0.9359316965141301,0.577548412462234,61.06060378679873,46.71133543919401,-40.19332416309882,42.92721095530357,-38.93939621320127,1
2024-04-27,0.7321799993515015,0.733473002910614,0.6848610043525696,0.7026849985122681,253022018,0.7321799993515015,0.7026849985122681,0.733473002910614,0.6848610043525696,253022018,0.7133210003376007,0.7233906022121228,42.72652158999836,-0.054993923044443616,-0.06513532020278062,0.7477701038122178,0.9124316450612284,0.5831085625632071,78.0980061794693,60.48408042847944,-31.59778626870084,43.16022826084134,-21.901993820530702,0
2024-04-28,0.7214099764823914,0.7486960291862488,0.7193809747695923,0.7321799993515015,206609435,0.7214099764823914,0.7321799993515015,0.7486960291862488,0.7193809747695923,206609435,0.7178205966949462,0.7230304884430807,41.54910371674392,-0.05149600591846293,-0.062407457345917086,0.7365329533815383,0.8739234432728412,0.5991424634902355,70.43343666383313,69.86401554336705,-10.864384425834555,42.835691840613556,-29.566563336166862,0
2024-04-29,0.7048190236091614,0.7324309945106506,0.6904259920120239,0.7214099764823914,283731749,0.7048190236091614,0.7214099764823914,0.7324309945106506,0.6904259920120239,283731749,0.7209338009357452,0.7197193130187317,39.73266732274935,-0.04949211830345435,-0.05982438953742454,0.7268977552652359,0.8431835888547379,0.610611921675734,58.62635759139829,69.05260014490024,-32.14708686898036,42.95493600806946,-41.37364240860171,0
2024-04-30,0.6670529842376709,0.712145984172821,0.6509950160980225,0.7048190236091614,300966791,0.6670529842376709,0.7048190236091614,0.712145984172821,0.6509950160980225,300966791,0.7138231992721558,0.7101436168767206,35.88668988605353,-0.05037078364550729,-0.057933668359041096,0.7158874034881592,0.8086804627999626,0.6230943441763557,31.749865534612326,53.60321992994792,-92.68983468718734,43.55454581471248,-68.25013446538767,1
2024-05-01,0.6917039752006531,0.6957290172576904,0.6335179805755615,0.6670529842376709,407649322,0.6917039752006531,0.6670529842376709,0.6957290172576904,0.6335179805755615,407649322,0.7116539955139161,0.7067909547537992,39.97116760616186,-0.048518709820775,-0.05605067665138788,0.7065553516149521,0.7622390635301655,0.6508716396997387,49.29293263496168,46.55638525365743,-97.50212058485657,44.30452842586126,-50.70706736503832,1
2024-05-02,0.720395028591156,0.7260479927062988,0.6744629740715027,0.6916990280151367,241439565,0.720395028591156,0.6916990280151367,0.7260479927062988,0.6744629740715027,241439565,0.709392499923706,0.7092644227242277,44.41012355316786,-0.044225990060038356,-0.05368573933311798,0.7042422533035279,0.7531824198954343,0.6553020867116214,69.71114119968577,50.25131312308659,14.096475653787422,43.96553125882359,-30.288858800314234,1
2024-05-03,0.7328510284423828,0.741117000579834,0.7154120206832886,0.720395028591156,212245896,0.7328510284423828,0.720395028591156,0.741117000579834,0.7154120206832886,212245896,0.709833300113678,0.713552896491165,46.267809388949594,-0.03936510718175601,-0.05082161290284559,0.7081295043230057,0.7530239951610984,0.663235013484913,76.74177223350418,65.24861535605054,87.04632546476543,43.17276808950486,-23.258227766495825,0
2024-05-04,0.7292919754981995,0.7395880222320557,0.7245799899101257,0.7328490018844604,162223546,0.7292919754981995,0.7328490018844604,0.7395880222320557,0.7245799899101257,162223546,0.712290096282959,0.7164145472197166,45.796883009102125,-0.0353920310056377,-0.047735696523404016,0.7089846521615982,0.7547980159555635,0.663171288367633,73.99215328719245,73.48168890679413,85.88989973488144,42.43663086085174,-26.00784671280755,1
2024-05-05,0.7341780066490173,0.7407360076904297,0.7194920182228088,0.7292919754981995,155941021,0.7341780066490173,0.7292919754981995,0.7407360076904297,0.7194920182228088,155941021,0.7136566996574402,0.7196442671159531,46.6004428113162,-0.031486125180344215,-0.044485782254792064,0.7103060513734818,0.7574071774592908,0.6632049252876728,77.76695631351855,76.16696061140506,81.49328010541757,41.841452195506676,-22.23304368648146,0
2024-05-06,0.7105969786643982,0.777275025844574,0.7105939984321594,0.7341750264167786,328693039,0.7105969786643982,0.7341750264167786,0.777275025844574,0.7105939984321594,328693039,0.7144478976726532,0.7179993055793068,43.26665148423724,-0.029948233957815096,-0.04157827259539667,0.7106779992580414,0.7576648139793336,0.6636911845367492,53.617544757266536,68.45888478599251,79.27552028861025,40.093773782557946,-46.382455242733464,0
2024-05-07,0.6935549974441528,0.7182409763336182,0.690854012966156,0.7105969786643982,233130895,0.6935549974441528,0.7105969786643982,0.7182409763336182,0.690854012966156,233130895,0.7105853974819183,0.7135548859183697,40.984671357236245,-0.029761517297245632,-0.03921492153576646,0.7119531989097595,0.7555018328873162,0.6684045649322028,41.762834479690426,57.71577851682517,-39.19308470804968,38.87031397115269,-58.237165520309574,0
2024-05-08,0.6815400123596191,0.6948360204696655,0.6730769872665405,0.6935549974441528,244059454,0.6815400123596191,0.6935549974441528,0.6948360204696655,0.6730769872665405,244059454,0.7065984010696411,0.7077339998167786,39.4066393461951,-0.0302345270736597,-0.03741884264334511,0.7122094988822937,0.7549717064669592,0.6694472912976281,33.40499360862212,42.928457615193025,-112.40249674828168,38.07312814889547,-66.59500639137788,1
2024-05-09,0.6945729851722717,0.6983640193939209,0.6729530096054077,0.6815369725227356,193359830,0.6945729851722717,0.6815369725227356,0.6983640193939209,0.6729530096054077,193359830,0.7055737972259521,0.7053410880632319,42.01469718221337,-0.029220898416864705,-0.03577925379804903,0.7132537990808487,0.7531242968876924,0.673383301274005,42.47096514988745,39.2129310794,-106.02983732851773,37.21437182001536,-57.52903485011255,0
2024-05-10,0.6718149781227112,0.7015100121498108,0.6652349829673767,0.6945729851722717,214296652,0.6718149781227112,0.6945729851722717,0.7015100121498108,0.6652349829673767,214296652,0.7060499966144562,0.6992454317104099,38.86863777104327,-0.029909196773279634,-0.03460524239309515,0.709936597943306,0.7519487707391842,0.6679244251474278,26.64008395239657,34.172014236968714,-123.37573866993274,36.57382665321945,-73.35991604760343,1
2024-05-11,0.6755610108375549,0.6864399909973145,0.6718149781227112,0.6718149781227112,145266376,0.6755610108375549,0.6718149781227112,0.6864399909973145,0.6718149781227112,145266376,0.7044357001781464,0.6949391733698908,39.66943961205477,-0.029808787499505773,-0.033645951414377276,0.7080448478460312,0.7525942639687466,0.6634954317233157,29.245892041894933,32.78564704805965,-111.97868680317609,35.979034712623246,-70.75410795810507,0
2024-05-12,0.6709929704666138,0.6836439967155457,0.669098973274231,0.6755610108375549,114140760,0.6709929704666138,0.6755610108375549,0.6836439967155457,0.669098973274231,114140760,0.6994954943656921,0.6905853182965676,38.99854782408211,-0.029754820063894627,-0.03286772514428075,0.7044439971446991,0.7487479714709118,0.6601400228184864,26.06828056386755,27.318085519386347,-108.37043678592879,35.48810577375743,-73.93171943613245,0
2024-05-13,0.663112998008728,0.6793109774589539,0.6480270028114319,0.6709929704666138,231504146,0.663112998008728,0.6709929704666138,0.6793109774589539,0.6480270028114319,231504146,0.6925216913223267,0.6855903509715058,37.8106210499962,-0.030002053407974794,-0.03229459079701956,0.7011774957180024,0.7475091439762054,0.6548458474597993,20.58682924220192,25.30033394932147,-127.10461818812298,35.49284179326128,-79.41317075779808,0
2024-05-14,0.6490949988365173,0.6667850017547607,0.6483439803123474,0.663112998008728,285686607,0.6490949988365173,0.663112998008728,0.6667850017547607,0.6483439803123474,285686607,0.6845019936561585,0.6789548324015079,35.72579805763584,-0.030972095951599,-0.032030091827935446,0.6983960449695588,0.749929310880336,0.6468627790587815,10.835655554694066,19.163588453587845,-134.19898952688527,35.497239525657704,-89.16434444530593,1
2024-05-15,0.6867009997367859,0.6880990266799927,0.6442559957504272,0.6490949988365173,295402743,0.6867009997367859,0.6490949988365173,0.6880990266799927,0.6442559957504272,295402743,0.6797542929649353,0.6803632264624675,44.557668118628555,-0.02837923353132188,-0.03129992016861274,0.6967054963111877,0.7474379084289136,0.6459730841934619,31.90897118729357,21.110485328063184,-71.13537667947833,34.56779779873935,-68.09102881270643,1
2024-05-16,0.6943410038948059,0.6979609727859497,0.6675609946250916,0.686706006526947,285418373,0.6943410038948059,0.686706006526947,0.6979609727859497,0.6675609946250916,285418373,0.678128695487976,0.6829046405410745,46.175802795927595,-0.025414919525264645,-0.030122920039943123,0.6962882965803147,0.7469543472689552,0.6456222458916742,37.65251341024668,26.799046717411432,-28.005548896215426,33.30369464272777,-62.34748658975332,1
2024-05-17,0.7137770056724548,0.7204800248146057,0.6908439993858337,0.6943410038948059,266591673,0.7137770056724548,0.6943410038948059,0.7204800248146057,0.6908439993858337,266591673,0.6801508963108063,0.6885177978376891,50.16092096523388,-0.021252372290105237,-0.02834881048997555,0.6953681468963623,0.7440219249017671,0.6467143688909575,52.263957926037186,40.60848084119248,38.626761165694106,31.284207251138277,-47.736042073962814,0
2024-05-18,0.7095249891281128,0.7201910018920898,0.7084749937057495,0.7137770056724548,195615156,0.7095249891281128,0.7137770056724548,0.7201910018920898,0.7084749937057495,195615156,0.6829493939876556,0.6923372871632205,49.3009347392915,-0.018088117259940972,-0.026296671843968635,0.6947738975286484,0.7424207803617622,0.6471270146955346,49.06741037841742,46.3279605715671,56.88352347556943,29.408968958948034,-50.93258962158258,0
2024-05-19,0.6833130121231079,0.7124230265617371,0.6809390187263489,0.7095249891281128,198194411,0.6833130121231079,0.7095249891281128,0.7124230265617371,0.6809390187263489,198194411,0.6818233966827393,0.6906965098832,44.26296023627547,-0.017493851601266375,-0.024536107795428183,0.6936985969543457,0.7413608443381312,0.6460363495705601,29.361976511960226,43.56444827213827,-5.584579569804634,28.519802683213975,-70.63802348803978,1
2024-05-20,0.7504410147666931,0.7559400200843811,0.6765549778938293,0.6833130121231079,395850289,0.7504410147666931,0.6833130121231079,0.7559400200843811,0.6765549778938293,395850289,0.6896860003471375,0.7015591471347442,56.51765282153198,-0.011473958334710765,-0.0219236779032847,0.6978679984807968,0.7498689297200252,0.6458670672415685,95.07628297737101,57.83522328924955,97.29990666139867,26.742698423744407,-4.923717022628989,0
2024-05-21,0.7291880249977112,0.7583199739456177,0.7203620076179504,0.7504410147666931,449562405,0.7291880249977112,0.7504410147666931,0.7583199739456177,0.7203620076179504,449562405,0.695048701763153,0.7065825794734655,52.576264377744515,-0.008322155576562351,-0.01920337343794023,0.6997422009706498,0.7533951234023265,0.646089278538973,74.45999218258473,66.29941722397199,109.25408165798663,25.16319897207189,-25.54000781741528,0
2024-05-22,0.7229470014572144,0.7322490215301514,0.7036449909210205,0.72918701171875,372966290,0.7229470014572144,0.72918701171875,0.7322490215301514,0.7036449909210205,372966290,0.7002441048622131,0.7095579289250562,51.4417721780349,-0.006255814489202982,-0.01661386164819278,0.6998697996139527,0.7537303199900521,0.6460092792378532,68.98848080866354,79.50825198953976,56.64985557876437,23.573748566010725,-31.011519191336465,1
2024-05-23,0.7421929836273193,0.7571960091590881,0.6994450092315674,0.7229459881782532,642961647,0.7421929836273193,0.7229459881782532,0.7571960091590881,0.6994450092315674,642961647,0.7081521034240723,0.7154915752345585,54.688801984933264,-0.0030303029286798955,-0.013897149904290204,0.7003368973731995,0.7554801746054847,0.6451936201409143,85.86145199082813,76.43664166069213,94.47217503447575,22.4450030854313,-14.138548009171876,0
2024-05-24,0.7232660055160522,0.7547529935836792,0.7048749923706055,0.7421919703483582,307807234,0.7232660055160522,0.7421919703483582,0.7547529935836792,0.7048749923706055,307807234,0.7155692040920257,0.716905108013012,51.07194194977237,-0.0019785037727166888,-0.011513420677975502,0.7000355988740921,0.7546056216977519,0.6454655760504322,69.26815197556954,74.70602825835374,80.18554496446971,21.39688228203612,-30.73184802443047,1
2024-05-25,0.7296890020370483,0.733089029788971,0.721576988697052,0.7232660055160522,174669511,0.7296890020370483,0.7232660055160522,0.733089029788971,0.721576988697052,174669511,0.719868004322052,0.7192294523810185,52.2266185516593,-0.0006195217625496463,-0.00933464089489033,0.6998111486434937,0.7538519660082024,0.645770331278785,74.89919923748847,76.67626773462871,82.70616960314334,20.423627250312027,-25.100800762511522,0
2024-05-26,0.7160710096359253,0.7329069972038269,0.712867021560669,0.7296890020370483,186223198,0.7160710096359253,0.7296890020370483,0.7329069972038269,0.712867021560669,186223198,0.722041004896164,0.7186551900637288,49.55631008760368,-0.0006340677664963268,-0.0075945262692115306,0.70008485019207,0.7543961757268579,0.6457735246572821,62.96029212886612,69.04254778064139,64.13810227680396,19.186539866705807,-37.03970787113388,1
2024-05-27,0.7436180114746094,0.7497389912605286,0.7143219709396362,0.7160710096359253,296911207,0.7436180114746094,0.7160710096359253,0.7497389912605286,0.7143219709396362,296911207,0.7250251054763794,0.723193884865707,54.61174940943763,0.0015592432633150244,-0.0057637723627062196,0.7025880008935929,0.7599914542607557,0.6451845475264301,87.11077528275423,74.99008888303628,97.34030303069525,18.609993380567317,-12.889224717245762,0
2024-05-28,0.7316550016403198,0.748429000377655,0.7232130169868469,0.7436180114746094,360580549,0.7316550016403198,0.7436180114746094,0.748429000377655,0.7232130169868469,360580549,0.7272381067276001,0.7247322697338183,52.166653831513756,0.0023055660119896126,-0.004149904687767054,0.7050937503576279,0.762976527409069,0.6472109733061868,76.62279299108104,75.56462013423379,84.26553077847068,18.074628786295865,-23.377207008918962,0
2024-05-29,0.7139800190925598,0.7447310090065002,0.7138770222663879,0.7316550016403198,395786150,0.7139800190925598,0.7316550016403198,0.7447310090065002,0.7138770222663879,395786150,0.7303048074245453,0.7227773150717713,48.69752925340127,0.0014540474379162172,-0.0030291142626304,0.7060641020536422,0.7638594773350592,0.6482687267722252,51.145379570140335,71.62631594799187,51.470871381646774,17.17673862817761,-48.854620429859665,0
2024-05-30,0.6964349746704102,0.7214679718017578,0.6896950006484985,0.7139800190925598,329219857,0.6964349746704102,0.7139800190925598,0.7214679718017578,0.6896950006484985,329219857,0.724904203414917,0.7179877986351603,45.46540435114889,-0.0006292717684712734,-0.002549145763798575,0.7072951018810272,0.7631358350642958,0.6514543686977585,24.313578837561753,50.69391713292771,-12.071264556218342,16.487086317295983,-75.68642116243825,0
2024-05-31,0.6946210265159607,0.7078679800033569,0.6846219897270203,0.6964349746704102,286690144,0.6946210265159607,0.6964349746704102,0.7078679800033569,0.6846219897270203,286690144,0.7214475035667419,0.7137392946134876,45.13188597189159,-0.0023990331445603585,-0.002519123239950932,0.7082481026649475,0.7625184497328373,0.6539777555970577,22.095088967763992,32.51801579182203,-36.31555751002939,16.025943659138544,-77.904911032236,1
2024-06-01,0.6983609795570374,0.7022539973258972,0.6912279725074768,0.6946210265159607,180729766,0.6983609795570374,0.6946210265159607,0.7022539973258972,0.6912279725074768,180729766,0.7189889013767242,0.7109432373304966,46.011248510901105,-0.0034599150838655612,-0.0027072816087338578,0.7096165031194687,0.7613827330121374,0.6578502732267999,26.669116022945218,24.359261276090322,-37.23727860792355,15.597739762278067,-73.33088397705478,0
2024-06-02,0.6899340152740479,0.704587996006012,0.6868240237236023,0.6983609795570374,212510842,0.6899340152740479,0.6983609795570374,0.704587996006012,0.6868240237236023,212510842,0.7137630045413971,0.7071233787747786,44.28885619305145,-0.004923897627732043,-0.003150604812533495,0.7109575539827346,0.7590981164604341,0.6628169915050351,16.36279340335868,21.7089994646893,-58.368304124879764,15.371024281925866,-83.63720659664132,1
2024-06-03,0.7044399976730347,0.7119519710540771,0.6837700009346008,0.689935028553009,291943405,0.7044399976730347,0.689935028553009,0.7119519710540771,0.6837700009346008,291943405,0.7118804037570954,0.7066354913017342,47.90405868606962,-0.004857607319700086,-0.003492005313966813,0.7137248039245605,0.7528398090877133,0.6746097987614077,27.726363811532522,23.586091079278805,-50.889606545979206,14.7935137646269,-72.27363618846748,1
2024-06-04,0.7151550054550171,0.7189679741859436,0.697825014591217,0.7044399976730347,244227368,0.7151550054550171,0.7044399976730347,0.7189679741859436,0.697825014591217,244227368,0.7104270040988923,0.7081844938750583,50.4612634608303,-0.003895554664762435,-0.0035727151841259373,0.7151475042104721,0.7522452025383612,0.678049805882583,42.74371612911605,28.944291114669085,-17.184632832294227,13.914013509822052,-57.25628387088395,1
2024-06-05,0.7246729731559753,0.7259629964828491,0.7086840271949768,0.7151550054550171,233784193,0.7246729731559753,0.7151550054550171,0.7259629964828491,0.7086840271949768,233784193,0.7112872004508972,0.7111823991988614,52.68311082564536,-0.0023381478431278024,-0.0033258017159263106,0.7166641026735305,0.7527002478375694,0.6806279575094917,55.70638144500619,42.05882046188492,19.20398783092984,13.07885449220751,-44.29361855499381,1
2024-06-06,0.7255949974060059,0.7397649884223938,0.7147740125656128,0.7246749997138977,315340853,0.7255949974060059,0.7246749997138977,0.7397649884223938,0.7147740125656128,315340853,0.7094848990440369,0.7138028716001603,52.903474984055215,-0.0010177599618660382,-0.0028641933651142562,0.7172550022602081,0.7534695327600411,0.6810404717603751,58.922560053472296,52.457552542531516,50.02074999924835,12.92381222287823,-41.077439946527704,0
2024-06-07,0.6670889854431152,0.7272170186042786,0.6296640038490295,0.7255920171737671,535110156,0.6670889854431152,0.7255920171737671,0.7272170186042786,0.6296640038490295,535110156,0.7030282974243164,0.7053094377534248,40.13161279874976,-0.004638815881428782,-0.0032191178683771615,0.7151332020759582,0.7573807973127271,0.6728856068391893,31.168007926438207,48.598983141638904,-175.5550551691556,14.161023410877034,-68.83199207356179,0
2024-06-08,0.6498820185661316,0.6687949895858765,0.6432240009307861,0.6670539975166321,270248916,0.6498820185661316,0.6670539975166321,0.6687949895858765,0.6432240009307861,270248916,0.6966184973716736,0.695231725173917,37.28095209326126,-0.008795597040715308,-0.0043344137028447915,0.7134616523981094,0.7626828011265501,0.6642405036696688,16.837823724115474,35.64279723467533,-223.71763408330614,15.309862371161639,-83.16217627588453,1
2024-06-09,0.6550769805908203,0.6561440229415894,0.6451820135116577,0.649869978427887,274311598,0.6550769805908203,0.649869978427887,0.6561440229415894,0.6451820135116577,274311598,0.6924826979637146,0.6879308625224447,38.6967623862484,-0.011537686767067568,-0.0057750683156893474,0.7086934506893158,0.7610388212981459,0.6563480800804856,21.164255178890894,23.056695609814856,-186.42142484731625,16.376641405711627,-78.8357448211091,0
2024-06-10,0.6498000025749207,0.6594870090484619,0.6370049715042114,0.6550800204277039,366687512,0.6498000025749207,0.6550800204277039,0.6594870090484619,0.6370049715042114,366687512,0.6880005955696106,0.6809979788956222,37.76420923370463,-0.013975519565141092,-0.0074151585655796975,0.7047240495681762,0.7620537571732026,0.6473943419631499,16.95448938192644,18.3188560949776,-165.89627609699087,17.579613533068365,-83.04551061807356,0
2024-06-11,0.6175389885902405,0.6510720252990723,0.6129599809646606,0.6497920155525208,438483099,0.6175389885902405,0.6497920155525208,0.6510720252990723,0.6129599809646606,438483099,0.679918396472931,0.6694599806582799,32.592911598050975,-0.01829976552747925,-0.009592079957959609,0.6994536489248275,0.7674934803381056,0.6314138175115495,3.4749729842935726,13.864572515036969,-187.8596431995097,19.263993792292787,-96.52502701570643,1
2024-06-12,0.6441259980201721,0.6501160264015198,0.6072180271148682,0.6175429821014404,334154970,0.6441259980201721,0.6175429821014404,0.6501160264015198,0.6072180271148682,334154970,0.6753375947475433,0.6648538019968058,39.89738132430741,-0.019358262147123106,-0.011545316395792309,0.6945502996444702,0.7636889065645525,0.625411692724388,27.84520334621087,16.09155523747696,-144.82200818229904,20.952794543873456,-72.15479665378913,0
2024-06-13,0.6045659780502319,0.6454740166664124,0.6014339923858643,0.6441869735717773,296403464,0.6045659780502319,0.6441869735717773,0.6454740166664124,0.6014339923858643,296403464,0.6653501927852631,0.653892379461065,33.994506638640246,-0.023122746708296615,-0.01386080245829317,0.6886152982711792,0.766677883902582,0.6105527126397764,2.264124277353285,11.194766869285909,-150.82169614308958,22.648168088278414,-97.73587572264671,0
2024-06-14,0.5912389755249023,0.6121569871902466,0.574446976184845,0.6045200228691101,313473415,0.5912389755249023,0.6045200228691101,0.6121569871902466,0.574446976184845,313473415,0.6529585897922516,0.6425008514726719,32.26277136327229,-0.02687174482282284,-0.016462990931199104,0.6816927969455719,0.7680704734317796,0.5953151204593643,10.157392478158162,13.422240033907437,-165.50595151166286,24.757755704422525,-89.84260752184184,1
2024-06-15,0.6171119809150696,0.6177269816398621,0.5912320017814636,0.591234028339386,186918127,0.6171119809150696,0.591234028339386,0.6177269816398621,0.5912320017814636,186918127,0.642202490568161,0.6378846931894714,38.78274303828611,-0.027438819897691147,-0.018658156724497513,0.6767448455095291,0.7659689350805557,0.5875207559385024,25.80783796802395,12.743118241178465,-118.07581726147752,26.398860815953842,-74.19216203197605,1
2024-06-16,0.6190469861030579,0.6274909973144531,0.6049579977989197,0.6170989871025085,212054601,0.6190469861030579,0.6170989871025085,0.6274909973144531,0.6049579977989197,212054601,0.6315476894378662,0.6344596555373961,39.25367507068789,-0.027416056993800342,-0.020409736778358077,0.6705162942409515,0.757563197040169,0.583469391441734,26.97831247458155,20.981180973587886,-92.37995110645394,27.37080452179331,-73.02168752541844,0
2024-06-17,0.5842499732971191,0.6197839975357056,0.5777530074119568,0.6190729737281799,288659789,0.5842499732971191,0.6190729737281799,0.6197839975357056,0.5777530074119568,288659789,0.6232637882232666,0.6253306224028002,34.163923149845544,-0.029861619193290778,-0.022300113261344616,0.6631460428237915,0.7531497548609704,0.5731423307866127,5.929781624877054,19.571977355827517,-117.69636137315703,28.854640542916975,-94.07021837512295,0
2024-06-18,0.5571900010108948,0.5861300230026245,0.5237969756126404,0.5842139720916748,499153104,0.5571900010108948,0.5842139720916748,0.5861300230026245,0.5237969756126404,499153104,0.613994586467743,0.6129414185133628,30.81747978519914,-0.03359598486879212,-0.024559287582834117,0.6553065419197083,0.7532011536889129,0.5574119301505036,15.462023733889874,16.12337261111616,-160.86575021377632,31.064585410538992,-84.53797626611012,1
2024-06-19,0.5761989951133728,0.580901026725769,0.5547630190849304,0.5571960210800171,217827372,0.5761989951133728,0.5571960210800171,0.580901026725769,0.5547630190849304,217827372,0.6061067879199982,0.6062609778951829,35.59038610901655,-0.03462252272183586,-0.026571934610634465,0.6492947429418564,0.7510399113867525,0.5475495744969603,24.263787409524134,15.218530922763685,-122.45633769356223,33.11667707333086,-75.73621259047586,0
2024-06-20,0.5734109878540039,0.5962129831314087,0.5687130093574524,0.5761989951133728,233563632,0.5734109878540039,0.5761989951133728,0.5962129831314087,0.5687130093574524,233563632,0.5984678864479065,0.6002882524331503,35.20673913064127,-0.03525463674451956,-0.028308475037411483,0.6432342410087586,0.7478570636999594,0.5386114183175578,24.389933023169682,21.371914722194564,-97.20526433828158,34.23637588129536,-75.61006697683032,0
2024-06-21,0.5684509873390198,0.5815579891204834,0.5672510266304016,0.5734120011329651,216840913,0.5684509873390198,0.5734120011329651,0.5815579891204834,0.5672510266304016,216840913,0.5935590863227844,0.594499658779672,34.4943463545025,-0.035743790088335836,-0.029795538047596357,0.6367387413978577,0.7429831977821129,0.5304942850136025,30.796291964813868,26.48333746583589,-97.8094008126952,35.30180765828377,-69.20370803518612,1
2024-06-22,0.5710170269012451,0.5732669830322266,0.5632069706916809,0.5684469938278198,139190687,0.5710170269012451,0.5684469938278198,0.5732669830322266,0.5632069706916809,139190687,0.5862481892108917,0.5902300893472308,35.22459398780684,-0.035514994935782584,-0.030939429425233603,0.6307928919792175,0.7377713633174802,0.5238144206409548,34.79994078632076,29.99538859143477,-94.16119650286495,36.36563134337507,-65.20005921367924,0
2024-06-23,0.5612980127334595,0.5840910077095032,0.5598400235176086,0.5709940195083618,163112330,0.5612980127334595,0.5709940195083618,0.5840910077095032,0.5598400235176086,163112330,0.5819213926792145,0.5849697117810905,33.69255819630287,-0.035706316160861507,-0.031892806772359186,0.6236357927322388,0.7290901689534661,0.5181814165110115,27.637281951556357,31.077838234230327,-88.04908972186486,36.75461558677177,-72.36271804844364,0
2024-06-24,0.5610669851303101,0.5657060146331787,0.5413849949836731,0.561273992061615,313215313,0.5610669851303101,0.561273992061615,0.5657060146331787,0.5413849949836731,313215313,0.5789041936397552,0.5806237614809485,33.655086791858594,-0.03546773167408501,-0.032607791752704354,0.6159313917160034,0.7158864424217989,0.515976341010208,29.283044563323266,30.57342243373346,-100.90402632329108,37.502213349610415,-70.71695543667673,1
2024-06-25,0.5674930214881897,0.5760030150413513,0.5583329796791077,0.5610939860343933,203681208,0.5674930214881897,0.5610939860343933,0.5760030150413513,0.5583329796791077,203681208,0.5739422976970673,0.5782363542095378,35.79405922250169,-0.03436399754707509,-0.0329590329115785,0.6080723941326142,0.6966628316797177,0.5194819565855107,34.591809867681604,30.504045460853742,-76.13810906286874,37.64007039264873,-65.4081901323184,0
2024-06-26,0.5512290000915527,0.5711320042610168,0.5477679967880249,0.5675100088119507,189116580,0.5512290000915527,0.5675100088119507,0.5711320042610168,0.5477679967880249,189116580,0.5671604990959167,0.5733259261880859,32.902721514090885,-0.03440505089177537,-0.03324823650761788,0.5993540942668915,0.6730300906821616,0.5256780978516213,22.544947051095278,28.80660049403338,-90.04462042376309,38.00701683831576,-77.45505294890472,1
2024-06-27,0.5662580132484436,0.5702379941940308,0.5435640215873718,0.5512179732322693,192035944,0.5662580132484436,0.5512179732322693,0.5702379941940308,0.5435640215873718,192035944,0.5653613030910491,0.572040851108151,37.89503023170496,-0.03284623920468854,-0.03316783704703201,0.5943125456571579,0.6623415881130864,0.5262835032012293,40.94839503660695,32.69505065179461,-78.29406202936973,38.442251552923054,-59.05160496339305,0
2024-06-28,0.551895022392273,0.5697240233421326,0.5518929958343506,0.5662720203399658,194704855,0.551895022392273,0.5662720203399658,0.5697240233421326,0.5518929958343506,194704855,0.564831805229187,0.5683779731598094,35.199569650605966,-0.03239639753290835,-0.033013549144207274,0.589413195848465,0.6547905015086698,0.5240358901882601,27.097074950408032,30.196805679370087,-77.42086763084079,38.84639807362983,-72.90292504959197,0
2024-06-29,0.5469800233840942,0.5620980262756348,0.5468770265579224,0.5519220232963562,133548794,0.5469800233840942,0.5519220232963562,0.5620980262756348,0.5468770265579224,133548794,0.5619099080562592,0.5644874368369521,34.300457485893816,-0.03206684745415578,-0.03282420880619698,0.5840083479881286,0.6444658609501613,0.5235508350260959,22.35716909323865,30.134213026751212,-86.17358488592657,39.34545819728423,-77.64283090676135,1
2024-06-30,0.559997022151947,0.5640140175819397,0.5451160073280334,0.547003984451294,157589692,0.559997022151947,0.547003984451294,0.5640140175819397,0.5451160073280334,157589692,0.5605685114860535,0.5636709978033148,38.761852492574576,-0.030404825724886675,-0.03234033218993492,0.57951819896698,0.6326601363766613,0.5263762615572987,37.71348023311051,29.055908092252395,-71.49424363013703,39.67770500831415,-62.28651976688949,0
2024-07-01,0.5577690005302429,0.5685480237007141,0.5536869764328003,0.5599200129508972,177550094,0.5577690005302429,0.5599200129508972,0.5685480237007141,0.5536869764328003,177550094,0.5595003128051758,0.5625979073900289,38.282666916485915,-0.028933912126479666,-0.031659048177243874,0.5765296995639801,0.6274593612037395,0.5256000379242208,46.91231411618197,35.66098781417704,-57.0115030967037,39.66642300714239,-53.08768588381803,1
2024-07-02,0.5706369876861572,0.5729219913482666,0.5556570291519165,0.5577179789543152,169715603,0.5706369876861572,0.5577179789543152,0.5729219913482666,0.5556570291519165,169715603,0.559462308883667,0.5640595583529613,42.68933708362018,-0.0264252496523103,-0.030612288472257162,0.5728552490472794,0.6132646165998761,0.5324458814946826,53.35229996706024,45.992698105450906,-30.167706003985526,39.3441094491973,-46.64770003293976,0
2024-07-03,0.5306130051612854,0.5726410150527954,0.526764988899231,0.5706470012664795,318607079,0.5306130051612854,0.5706470012664795,0.5726410150527954,0.526764988899231,318607079,0.5563938081264496,0.5579783668635656,34.45008092073006,-0.027351427235474346,-0.0299601162249006,0.569157600402832,0.610798853156978,0.527516347648686,5.540860185522133,35.26849142292144,-124.8892189631715,39.888117244731674,-94.45913981447787,0
2024-07-04,0.4948830008506775,0.534542977809906,0.494608998298645,0.5305879712104797,381157784,0.4948830008506775,0.5305879712104797,0.534542977809906,0.494608998298645,381157784,0.5497754096984864,0.5465064821339496,29.058257986259207,-0.03061562452073141,-0.030091217884066764,0.5643398016691208,0.6157885625351577,0.5128910408030839,0.3062096546964914,19.733123269092953,-251.35579486250367,41.07191269344302,-99.69379034530351,0
2024-07-05,0.46775299310684204,0.4947589933872223,0.4305399954319,0.4947589933872223,533995834,0.46775299310684204,0.4947589933872223,0.4947589933872223,0.4305399954319,533995834,0.5398014068603516,0.5321876659472028,25.76129145197899,-0.0349883651822418,-0.031070647343701775,0.5568718522787094,0.6179678068046472,0.49577589775277153,24.234941289520812,10.027337043246478,-352.64013981163555,43.03460352239439,-75.7650587104792,1
2024-07-06,0.5066879987716675,0.5081830024719238,0.46650001406669617,0.46774300932884216,175193608,0.5066879987716675,0.46774300932884216,0.5081830024719238,0.46650001406669617,175193608,0.5353473067283631,0.5275513628243782,36.83724305660005,-0.0349096474117897,-0.03183844735731936,0.5512539029121399,0.6090207153258618,0.4934870904984181,49.591339197491145,24.710830047236147,-194.56240526803302,44.147329167589604,-50.408660802508855,0
2024-07-07,0.47747400403022766,0.5066729784011841,0.4759550094604492,0.5066729784011841,175385143,0.47747400403022766,0.5066729784011841,0.5066729784011841,0.4759550094604492,175385143,0.5264689058065415,0.518446388498169,32.87409876440276,-0.03678060432415098,-0.032826878750685684,0.5459151044487953,0.6098990094870792,0.48193119941051143,32.265251143788404,35.36384387693345,-168.166367417045,45.180574409556584,-67.7347488562116,1
2024-07-08,0.501662015914917,0.5135329961776733,0.4614889919757843,0.4775429964065552,303449233,0.501662015914917,0.4775429964065552,0.5135329961776733,0.4614889919757843,303449233,0.5214456051588059,0.5153946843921232,38.74973187026204,-0.03589777355728907,-0.03344105771200637,0.5431387051939964,0.6096920600539892,0.4765853503340036,48.89354055344792,43.58337696490916,-125.22659095917274,46.342886983173344,-51.10645944655208,0
2024-07-09,0.5009179711341858,0.507673978805542,0.49396800994873047,0.5016180276870728,212096516,0.5009179711341858,0.5016180276870728,0.507673978805542,0.49396800994873047,212096516,0.516839399933815,0.5127625547088618,38.63769542037547,-0.03485635959359756,-0.03372411808832461,0.539374653995037,0.6065356414833529,0.47221366650672114,49.428985209355346,43.52925896886389,-89.00482566124302,47.422177230103195,-50.571014790644654,1
2024-07-10,0.5129939913749695,0.514860987663269,0.49379101395606995,0.5009109973907471,185236898,0.5129939913749695,0.5009109973907471,0.514860987663269,0.49379101395606995,185236898,0.5121390968561172,0.5128046341026995,41.58952199628977,-0.032679884251342606,-0.033515271320928214,0.5363538041710854,0.6025473806971589,0.47016022764501186,57.91040883532909,52.077644866044125,-64.8925231442345,47.98571791494171,-42.08959116467091,0
2024-07-11,0.49816399812698364,0.5238890051841736,0.4972899854183197,0.5129759907722473,197820791,0.49816399812698364,0.5129759907722473,0.5238890051841736,0.4972899854183197,197820791,0.5061785966157913,0.5101427002889329,39.10187601765945,-0.03178526759840272,-0.03316927057642312,0.5328394547104836,0.5993062388094769,0.46637267061149024,47.494770852071156,51.611388298918534,-58.58034987000614,47.96610355284098,-52.505229147928844,1
2024-07-12,0.5071679949760437,0.5095729827880859,0.49215900897979736,0.49816301465034485,164844277,0.5071679949760437,0.49816301465034485,0.5095729827880859,0.49215900897979736,164844277,0.49983169734477995,0.5096018447774985,41.39393745756366,-0.030003864288642768,-0.03253618931886705,0.5296470031142235,0.5945882516777329,0.4647057545507141,53.81860188921218,53.074593858870806,-58.77733756834723,48.056508165804594,-46.18139811078782,1
2024-07-13,0.5314139723777771,0.5354599952697754,0.5061519742012024,0.5071939826011658,178105252,0.5314139723777771,0.5071939826011658,0.5354599952697754,0.5061519742012024,178105252,0.49991179406642916,0.5135676861593673,47.1611354639412,-0.02633210151204146,-0.03129537175750193,0.5281528010964394,0.5914671151209944,0.4648384870718844,70.84742442094237,57.38693238740857,-8.60862970206379,46.685976185877884,-29.152575579057622,0
2024-07-14,0.5307989716529846,0.5349079966545105,0.5188310146331787,0.5314390063285828,173257620,0.5307989716529846,0.5314390063285828,0.5349079966545105,0.5188310146331787,173257620,0.5035033911466599,0.5167006471582067,47.034702205194506,-0.02320434325187226,-0.029677166056376,0.5266394004225731,0.5881558419288977,0.46512295891624844,70.41548727830411,65.02717119615289,3.3914637828323375,45.41333934737451,-29.584512721695884,1
2024-07-15,0.5494740009307861,0.5495330095291138,0.5295940041542053,0.530879020690918,248101450,0.5494740009307861,0.530879020690918,0.5495330095291138,0.5295940041542053,248101450,0.5116754919290543,0.5226594387532212,51.30385779648012,-0.018999637513033463,-0.027541660347707494,0.5257384493947029,0.585332961304961,0.4661439374844448,83.53163244652538,74.9315147152573,43.058158455788515,43.47618334077335,-16.468367553474618,0
2024-07-16,0.5433059930801392,0.5518479943275452,0.521340012550354,0.5494549870491028,294401551,0.5433059930801392,0.5494549870491028,0.5518479943275452,0.521340012550354,294401551,0.5153372913599015,0.5264133577217517,49.873999271087534,-0.015980867118689512,-0.025229501701903898,0.5253422990441322,0.5843562651257562,0.4663283329625082,79.35621992655804,77.76777988379585,36.469292493828775,41.95467164574858,-20.64378007344196,0
2024-07-17,0.5401250123977661,0.5607280135154724,0.5401020050048828,0.5433449745178223,245083074,0.5401250123977661,0.5433449745178223,0.5607280135154724,0.5401020050048828,245083074,0.5216023921966553,0.5289063858446634,49.1137656419169,-0.013687368919792386,-0.022921075145481598,0.5240356490015984,0.580468843527496,0.4676024544757008,84.17442601785328,82.35409279697889,60.53094800748273,40.08653694488335,-15.82557398214672,0
2024-07-18,0.5165449976921082,0.5516840219497681,0.5113340020179749,0.5401179790496826,314376073,0.5165449976921082,0.5401179790496826,0.5516840219497681,0.5113340020179749,314376073,0.5230906903743744,0.526658860726017,43.785663513351984,-0.013615514023446407,-0.021059962921074562,0.5222681477665901,0.5772972513046145,0.46723904422856577,66.06214882616803,76.53093159019312,11.429516670437225,39.27798796290448,-33.93785117383198,1
2024-07-19,0.5334529876708984,0.5345500111579895,0.5076119899749756,0.5165280103683472,246690579,0.5334529876708984,0.5165280103683472,0.5345500111579895,0.5076119899749756,246690579,0.5263441920280456,0.5278941565341773,48.13087410972685,-0.01205526937388779,-0.01925902421163721,0.5215917959809303,0.5757144086181334,0.46746918334372717,72.5158255075439,74.2508001171884,12.103323707640097,38.63407022076034,-27.4841744924561,1
2024-07-20,0.5418319702148438,0.5423529744148254,0.5286120176315308,0.5334439873695374,185958759,0.5418319702148438,0.5334439873695374,0.5423529744148254,0.5286120176315308,185958759,0.5292279899120331,0.5304283044761166,50.18582146889969,-0.010027064623589821,-0.017412632294027734,0.5206835433840752,0.5727690323297728,0.46859805443837754,80.95905924155885,73.17901119175691,53.21100222510316,37.61486688607449,-19.040940758441145,1
2024-07-21,0.5480440258979797,0.5490170121192932,0.5237299799919128,0.5418319702148438,203441283,0.5480440258979797,0.5418319702148438,0.5490170121192932,0.5237299799919128,203441283,0.5342159926891327,0.5336311629164553,51.71320768123527,-0.007828198173577938,-0.015495745469937776,0.520197294652462,0.5710559751478022,0.4693386141571219,87.21874982169183,80.23121152359819,67.06493212920745,36.3133302198431,-12.781250178308175,0
2024-07-22,0.5303869843482971,0.5519779920578003,0.5278900265693665,0.5480570197105408,221994140,0.5303869843482971,0.5480570197105408,0.5519779920578003,0.5278900265693665,221994140,0.536537891626358,0.5330413122676992,47.27605470401331,-0.007424768250340108,-0.013881550026018243,0.518184794485569,0.5638174383120325,0.47255215065910544,55.75110157623846,74.64297021316304,64.73421920719274,34.94468444684505,-44.24889842376154,1
2024-07-23,0.5328310132026672,0.5564169883728027,0.5220909714698792,0.5303869843482971,329765704,0.5328310132026672,0.5303869843482971,0.5564169883728027,0.5220909714698792,329765704,0.536679595708847,0.5330030760740571,47.941886338758806,-0.0068291126668241775,-0.012471062554179431,0.518295694887638,0.5640592092568163,0.4725321805184598,59.315436323286654,67.42842924040565,67.98600156654692,33.89915614337242,-40.684563676713346,0
2024-07-24,0.5172539949417114,0.5399609804153442,0.5142369866371155,0.532833993434906,193410215,0.5172539949417114,0.532833993434906,0.5399609804153442,0.5142369866371155,193410215,0.5353250980377198,0.5301396067772669,44.117756514608196,-0.0075272174393955504,-0.011482293531222657,0.5194142445921898,0.5639100962302199,0.4749183929541596,36.59814829141592,50.55489539698035,19.811766756703214,33.22784543026919,-63.40185170858408,0
2024-07-25,0.49710598587989807,0.5196700096130371,0.4822709858417511,0.5172550082206726,244970268,0.49710598587989807,0.5172550082206726,0.5196700096130371,0.4822709858417511,244970268,0.5300882965326309,0.5241334938868362,39.70604933249716,-0.009595633953442095,-0.011104961615666546,0.5208818942308426,0.5600867348949073,0.48167705356677787,18.90844004419997,38.27400821963418,-79.60859462454437,33.61519079233314,-81.09155995580004,1
2024-07-26,0.5147809982299805,0.5150619745254517,0.4970720112323761,0.49710598587989807,165423973,0.5147809982299805,0.49710598587989807,0.5150619745254517,0.4970720112323761,165423973,0.527235797047615,0.5224330401310442,44.91049415346979,-0.009696863753290375,-0.010823342043191313,0.5212865442037582,0.5600617349554986,0.48251135345201773,41.436711728907866,32.31443335484125,-48.66575610734778,33.97486862853537,-58.563288271092134,1
2024-07-27,0.5177519917488098,0.5237200260162354,0.5106359720230103,0.5147960186004639,170157670,0.5177519917488098,0.5147960186004639,0.5237200260162354,0.5106359720230103,170157670,0.5249984949827194,0.5215819404251834,45.75803904528136,-0.009428666948213094,-0.01054440702419567,0.5233004435896873,0.5565552647710922,0.49004562240828237,45.22348979955412,35.18954719088732,-22.73648211473281,33.75822268093974,-54.77651020044588,0
2024-07-28,0.5085240006446838,0.5203310251235962,0.5056170225143433,0.517749011516571,136866239,0.5085240006446838,0.517749011516571,0.5203310251235962,0.5056170225143433,136866239,0.524196395277977,0.5192077695560016,43.51850363321262,-0.009847228092732752,-0.010404971237903087,0.5236435428261756,0.5561310266659106,0.49115605898644066,33.461648473494265,40.04061666731875,-59.73238154633116,33.722519419085394,-66.53835152650574,1
2024-07-29,0.5108550190925598,0.5243750214576721,0.5085170269012451,0.5085229873657227,201666056,0.5108550190925598,0.5085229873657227,0.5243750214576721,0.5085170269012451,201666056,0.5219365984201432,0.5176890876535576,44.26062654327946,-0.009876991300229787,-0.010299375250368427,0.5241403952240944,0.5555070670769907,0.49277372337119807,36.43272514691856,38.37262113998898,-50.61602882079854,33.420141558619214,-63.56727485308144,0
2024-07-30,0.5053809881210327,0.5247099995613098,0.5010070204734802,0.5108559727668762,194927834,0.5053809881210327,0.5108559727668762,0.5247099995613098,0.5010070204734802,194927834,0.518291500210762,0.5154512513749167,42.83719402394701,-0.010224426582462032,-0.010284385516787148,0.5237597450613976,0.5558350179699786,0.4916844721528165,29.455617889819916,33.116663836744245,-75.54983280764998,33.40900767279837,-70.54438211018008,0
2024-07-31,0.49590298533439636,0.5194309949874878,0.49199798703193665,0.5053840279579163,227801802,0.49590298533439636,0.5053840279579163,0.5194309949874878,0.49199798703193665,227801802,0.5130773961544037,0.5118970211857311,40.41369867730484,-0.011136196024940204,-0.01045474761841776,0.5236466944217681,0.5560957833248934,0.49119760551864283,18.385346515392133,28.091229850710203,-116.16017101342912,33.70704036244071,-81.61465348460787,0
2024-08-01,0.49184298515319824,0.5042449831962585,0.46697598695755005,0.4959160089492798,301893604,0.49184298515319824,0.4959160089492798,0.5042449831962585,0.46697598695755005,301893604,0.5092229962348938,0.5082508328161797,39.38578975140634,-0.012047511744755823,-0.010773300443685373,0.5228804439306259,0.5575009651419777,0.4882599227192742,27.802683111962047,25.21454917239136,-178.83917382924847,34.70661573835672,-72.19731688803796,0
2024-08-02,0.4678640067577362,0.4936259984970093,0.45912399888038635,0.4918400049209595,260579900,0.4678640067577362,0.4918400049209595,0.4936259984970093,0.45912399888038635,260579900,0.5027262955904007,0.5009077735328262,33.90134926240637,-0.014537064938611177,-0.011526053342670534,0.5197029456496238,0.5615238968335765,0.47788199446567114,8.983183601354035,18.390404409569403,-197.59862254562864,35.82883335060088,-91.01681639864596,0
2024-08-03,0.4547629952430725,0.47301700711250305,0.44355499744415283,0.4678640067577362,212783490,0.4547629952430725,0.4678640067577362,0.47301700711250305,0.44355499744415283,212783490,0.4964771956205368,0.49251781384378013,31.334095668343906,-0.017366999955609308,-0.012694242665258289,0.5159011468291282,0.5660009705213531,0.46580132313690337,9.930710690727802,15.572192468014627,-213.63180934636387,37.22449185849797,-90.0692893092722,0
2024-08-04,0.42097601294517517,0.45741400122642517,0.4112139940261841,0.4547629952430725,224864630,0.42097601294517517,0.4547629952430725,0.45741400122642517,0.4112139940261841,224864630,0.4888641983270645,0.47951021368039737,25.88909522532849,-0.022081528827954555,-0.014571699897797545,0.5094762474298478,0.5720989582215362,0.4468535366381593,6.72301488197128,8.545636391351039,-245.88850578315925,39.1025050005274,-93.27698511802872,0
2024-08-05,0.38508498668670654,0.4235770106315613,0.3390290141105652,0.42097800970077515,865536489,0.38508498668670654,0.42097800970077515,0.4235770106315613,0.3390290141105652,865536489,0.47589459717273713,0.4623419905906354,21.59596118447587,-0.028386708485562073,-0.017334701615350452,0.5015651971101761,0.58241698651498,0.42071340770537224,21.18607192161583,12.613265831438303,-276.49990220978293,41.64119141170463,-78.81392807838417,1
2024-08-06,0.4078879952430725,0.41735100746154785,0.38482099771499634,0.38508298993110657,260751287,0.4078879952430725,0.38508298993110657,0.41735100746154785,0.38482099771499634,260751287,0.4649081975221634,0.45244126416380576,29.585316956964903,-0.03118412538676313,-0.020104586369632988,0.4949533462524414,0.5833833034039991,0.40652338910088365,34.269799076200826,20.726295293262645,-180.28021958338672,43.998543079226344,-65.73020092379917,0
2024-08-07,0.3916110098361969,0.41652101278305054,0.389055997133255,0.4078870117664337,215089270,0.3916110098361969,0.4078870117664337,0.41652101278305054,0.389055997133255,215089270,0.4532168984413147,0.44138121792242235,27.436182825195715,-0.034318908115184066,-0.022947450718743205,0.4887066468596458,0.5872280157367867,0.3901852779825049,28.31846007171266,27.924777023176436,-152.83770592819053,46.18751248478221,-71.68153992828734,1
2024-08-08,0.43193700909614563,0.4324379861354828,0.3883509933948517,0.3916110098361969,222363640,0.43193700909614563,0.3916110098361969,0.4324379861354828,0.3883509933948517,222363640,0.44532509744167326,0.4396640890449175,39.21676953404232,-0.03316694697152728,-0.02499134996930002,0.4836308479309082,0.5828655018453858,0.38439619401643066,50.03635388946491,37.54153767912613,-104.13125688286561,47.25348420518615,-49.96364611053509,0
2024-08-09,0.4220559895038605,0.43203699588775635,0.41495999693870544,0.4319379925727844,171183448,0.4220559895038605,0.4319379925727844,0.43203699588775635,0.41495999693870544,171183448,0.43699259757995607,0.4364626164010889,37.60574447264995,-0.03267467188945394,-0.026528014353330805,0.47764204889535905,0.5765605617886165,0.3787235360021017,44.714850684223535,41.023221548467035,-83.6986841224994,48.24331508841838,-55.285149315776465,1
2024-08-10,0.4260280132293701,0.43118301033973694,0.4192650020122528,0.4220559895038605,122547809,0.4260280132293701,0.4220559895038605,0.43118301033973694,0.4192650020122528,122547809,0.43000510036945344,0.4345654158244127,38.69596485920415,-0.03159976875713982,-0.02754236523409261,0.47154124826192856,0.5673405550543498,0.3757419414695073,46.854016262146054,47.2017402786115,-71.04099454339259,49.16244376570545,-53.145983737853946,0
2024-08-11,0.40327098965644836,0.4374369978904724,0.40311700105667114,0.4260289967060089,146700550,0.40327098965644836,0.4260289967060089,0.4374369978904724,0.40311700105667114,146700550,0.42114790081977843,0.42887552015751007,34.93015402052072,-0.03221287195835598,-0.028476466578945286,0.4651854485273361,0.5613910821032649,0.3689798149514073,34.598036729466074,42.05563455861189,-77.55841930717119,50.264275835228986,-65.40196327053393,1
2024-08-12,0.4262720048427582,0.4318560063838959,0.4032059907913208,0.40327000617980957,194857724,0.4262720048427582,0.40327000617980957,0.4318560063838959,0.4032059907913208,194857724,0.41698870062828064,0.42840215373664603,41.16265190642841,-0.030491286395063488,-0.02887943054216893,0.4598574981093407,0.5522135614996184,0.3675014347190629,46.985419923536455,42.812490971716194,-61.89971702926946,51.28740561407228,-53.014580076463545,0
2024-08-13,0.42227301001548767,0.4264560043811798,0.4119270145893097,0.426270991563797,166497342,0.42227301001548767,0.426270991563797,0.4264560043811798,0.4119270145893097,166497342,0.41373970210552213,0.4272877639691627,40.437457043869664,-0.02911399488417432,-0.02892634341057001,0.4551084488630295,0.5449030798233664,0.3653138179026926,46.14361521989875,42.57569062430043,-56.2803112677346,52.23745469442675,-53.85638478010125,1
2024-08-14,0.42393699288368225,0.42504000663757324,0.4087580144405365,0.42227301001548767,173475142,0.42393699288368225,0.42227301001548767,0.42504000663757324,0.4087580144405365,173475142,0.41403580009937285,0.4266785328627117,40.904000546952666,-0.027570397547021397,-0.02865515423786029,0.4514499992132187,0.5400565003540496,0.3628434980723878,51.39211375449878,48.17371629931133,-52.411889968644374,53.17388572100845,-48.60788624550122,0
2024-08-15,0.4015960097312927,0.4313279986381531,0.3975229859352112,0.42393699288368225,225566435,0.4015960097312927,0.42393699288368225,0.4313279986381531,0.3975229859352112,225566435,0.4156869024038315,0.4221180741115446,36.74270850469376,-0.02782902053950509,-0.028489927498189252,0.4457907497882843,0.5319181240334456,0.35966337554312305,40.471032387235724,46.00225378721108,-61.66300922992764,54.23074919590142,-59.528967612764276,1
2024-08-16,0.40409499406814575,0.4074319899082184,0.39331600069999695,0.4015960097312927,171040229,0.40409499406814575,0.4015960097312927,0.4074319899082184,0.39331600069999695,171040229,0.4153076022863388,0.4188411504672902,37.50853267485887,-0.02751515637808949,-0.028294973274169303,0.4401078999042511,0.5213530142389763,0.35886278556952583,48.56105274794251,46.808066296559,-71.62222216497712,55.279876182829334,-51.43894725205749,1
2024-08-17,0.41017699241638184,0.41019299626350403,0.40227800607681274,0.40409499406814575,107043803,0.41017699241638184,0.40409499406814575,0.41019299626350403,0.40227800607681274,107043803,0.4171642005443573,0.4172658490034887,39.430473886419314,-0.02647051471526246,-0.027930081562387937,0.435190549492836,0.5109999587999423,0.35938114018572964,60.098818303866665,49.71030114634829,-57.598685510741944,56.0067005510296,-39.901181696133335,1
2024-08-18,0.41155898571014404,0.4188790023326874,0.4076229929924011,0.41017699241638184,128914865,0.41155898571014404,0.41017699241638184,0.4188790023326874,0.4076229929924011,128914865,0.41512639820575714,0.41622823749560783,39.88291453431703,-0.025240160503399722,-0.027392097350590297,0.4302257478237152,0.49816054955625183,0.36229094609117857,73.70334073889227,60.78773726356715,-43.985386757855444,55.9140436123065,-26.29665926110773,1
2024-08-19,0.43006300926208496,0.43011701107025146,0.4103600084781647,0.41155898571014404,190572950,0.43006300926208496,0.41155898571014404,0.43011701107025146,0.4103600084781647,190572950,0.4159271001815796,0.41874365054405815,45.72845347004342,-0.02251246617368402,-0.026416171115209046,0.4264598488807678,0.48501540006921967,0.367904297692316,85.98527329368451,73.26247744548115,-9.412537307271831,54.91097775140058,-14.014726706315491,1
2024-08-20,0.4620499908924103,0.46640700101852417,0.42964300513267517,0.43006500601768494,236028975,0.4620499908924103,0.43006500601768494,0.46640700101852417,0.42964300513267517,236028975,0.41952929794788363,0.4266175306073949,54.04675398670543,-0.01756716335027758,-0.024646369562222756,0.4247671991586685,0.47678790776817137,0.37274649054916564,94.41809764711498,84.70223722656392,104.87849872074531,51.71007101400058,-5.581902352885028,1
2024-08-21,0.5253900289535522,0.5282689929008484,0.4569860100746155,0.4620400071144104,472751510,0.5253900289535522,0.4620400071144104,0.5282689929008484,0.4569860100746155,472751510,0.431741201877594,0.44457616667033256,65.36673281246115,-0.008439676183468858,-0.021405030886471978,0.4264445513486862,0.48825117433187987,0.3646379283654925,97.94239200284396,92.78192098121447,271.8346677169947,49.58641438905006,-2.0576079971560444,1
2024-08-22,0.5319479703903198,0.5394060015678406,0.5172110199928284,0.525393009185791,410484366,0.5319479703903198,0.525393009185791,0.5394060015678406,0.5172110199928284,410484366,0.44230879843235016,0.4604619491648757,66.29255825274319,-0.0006691917508883094,-0.017257863059355245,0.4296487495303154,0.5048954845376001,0.35440201452303066,94.89490647325859,95.75179870773917,289.75497817424116,47.912412298439314,-5.105093526741408,1
2024-08-23,0.5382199883460999,0.5430170297622681,0.5210469961166382,0.5319479703903198,329283232,0.5382199883460999,0.5319479703903198,0.5430170297622681,0.5210469961166382,329283232,0.4539034962654114,0.4745997744705528,67.19577072878488,0.005926752661433721,-0.012620939915197452,0.43382159918546676,0.5222739487547873,0.3453692496161462,96.79558554392248,96.54429467334167,232.78532281741818,46.454656915289036,-3.2044144560775116,1
2024-08-24,0.5721449851989746,0.581076979637146,0.5315870046615601,0.5382199883460999,381291433,0.5721449851989746,0.5382199883460999,0.581076979637146,0.5315870046615601,381291433,0.4687242954969406,0.49233526733026584,71.62472698116063,0.013733241591984469,-0.007350103613761069,0.44138004779815676,0.5480991537215468,0.3346609418747667,95.24289099432035,95.6444610038338,210.62147219501338,45.992744772163356,-4.7571090056796494,0
2024-08-25,0.5241919755935669,0.5739920139312744,0.5237299799919128,0.5721449851989746,350153918,0.5241919755935669,0.5721449851989746,0.5739920139312744,0.5237299799919128,350153918,0.48098389208316805,0.49812739610541146,59.414010272857446,0.015867621137802435,-0.0027065586634483683,0.44833539724349974,0.5575745675140149,0.33909622697298464,69.70350050069736,87.24732567964674,141.44134276778087,45.19513631100308,-30.29649949930264,0
2024-08-26,0.5029299855232239,0.5278090238571167,0.5026569962501526,0.5241979956626892,260800936,0.5029299855232239,0.5241979956626892,0.5278090238571167,0.5026569962501526,260800936,0.49086739122867584,0.4990005941813773,54.941499366020786,0.015662915065378313,0.0009673360823169684,0.4530874967575073,0.5631410376837139,0.3430339558313007,58.379534152258024,74.44197521575857,84.10762648786131,43.52757120294159,-41.620465847741976,0
2024-08-27,0.4660309851169586,0.5141720175743103,0.4628620147705078,0.5029079914093018,285603455,0.4660309851169586,0.5029079914093018,0.5141720175743103,0.4628620147705078,285603455,0.49645279049873353,0.49300611980602843,48.16521779841201,0.012380528052405138,0.0032499744763346025,0.4568084955215454,0.5632699140379894,0.35034707700510137,38.72742080307444,55.603485152009945,35.95043220405787,40.55435134433839,-61.27257919692556,0
2024-08-28,0.43695101141929626,0.46642398834228516,0.4269219934940338,0.4660309851169586,422310006,0.43695101141929626,0.4660309851169586,0.46642398834228516,0.4269219934940338,422310006,0.49899199306964875,0.4828142819175317,43.60114158387082,0.007347998695391489,0.00406957932014598,0.4570591956377029,0.5633085626848197,0.3508098285905862,23.239658722649537,40.11553789266066,-19.228051749845058,38.52143527111299,-76.76034127735046,0
2024-08-29,0.4250749945640564,0.44606301188468933,0.41629499197006226,0.4369499981403351,283215249,0.4250749945640564,0.4369499981403351,0.44606301188468933,0.41629499197006226,283215249,0.4984931915998459,0.4723162296714452,41.85674089871845,0.002374021373719004,0.003730467730860585,0.45721014589071274,0.5632685721930657,0.3511517195883598,16.914586856031693,26.293888793918555,-40.389116080935985,36.89683853371146,-83.08541314396831,0
2024-08-30,0.42104700207710266,0.4298349916934967,0.4011259973049164,0.4250749945640564,248358399,0.42104700207710266,0.4250749945640564,0.4298349916934967,0.4011259973049164,248358399,0.4943928927183151,0.46299455192701927,41.25388191197101,-0.0018713451179890317,0.002610105161090662,0.45696109533309937,0.563334170872192,0.3505880197940068,11.070239525232301,17.074828367971175,-56.50027216072226,35.7523409869572,-88.9297604747677,0
2024-08-31,0.4200339913368225,0.4267140030860901,0.4178589880466461,0.42104700207710266,139885533,0.4200339913368225,0.42104700207710266,0.4267140030860901,0.4178589880466461,139885533,0.48385728895664215,0.45518354091061985,41.09358158595173,-0.005256971059514892,0.001036689916969551,0.4577992454171181,0.5627212065586662,0.35287728427556997,10.507302481404496,12.830709620889499,-51.23834086422614,34.6895932649711,-89.4926975185955,0
2024-09-01,0.40231698751449585,0.42003899812698364,0.398470014333725,0.4200339913368225,180859650,0.40231698751449585,0.4200339913368225,0.42003899812698364,0.398470014333725,180859650,0.47089419066905974,0.4455714402931427,38.291186753785276,-0.009262940736741943,-0.0010232362137727476,0.456601494550705,0.5634646889161385,0.3497383001852714,2.106695751927489,7.894745919521429,-70.5937929616177,34.16803729636887,-97.89330424807251,1
2024-09-02,0.4109269976615906,0.41363200545310974,0.39677900075912476,0.40231698751449585,230435206,0.4109269976615906,0.40231698751449585,0.41363200545310974,0.39677900075912476,230435206,0.4581648916006088,0.4392724507237696,40.417712141528554,-0.011609121973698788,-0.003140413365757956,0.4560341939330101,0.5637374805733856,0.34833090729263455,7.67669672157922,6.763564984970401,-68.73905524474917,33.72353110110713,-92.32330327842078,0
2024-09-03,0.3978790044784546,0.41431599855422974,0.3978790044784546,0.4109269976615906,218778333,0.3978790044784546,0.4109269976615906,0.41431599855422974,0.3978790044784546,218778333,0.4407382935285568,0.43174636958825774,38.26563871173835,-0.014355866023260389,-0.0053835038972584424,0.45473129451274874,0.5645655647320226,0.3448970242934749,0.5968615206886659,3.4600846647317915,-72.07489961805338,33.28033211493693,-99.40313847931134,0
2024-09-04,0.3808700144290924,0.3999119997024536,0.36796098947525024,0.3978790044784546,307835531,0.3808700144290924,0.3978790044784546,0.3999119997024536,0.36796098947525024,307835531,0.4264060974121094,0.4224961231956822,35.604259238435475,-0.017701116367757674,-0.00784702639135829,0.4536949947476387,0.5658809889142269,0.34150900058105055,6.057276576964352,4.776944939744079,-96.80775867995537,33.57098568050748,-93.94272342303564,0
2024-09-05,0.3685779869556427,0.38500499725341797,0.36376699805259705,0.3808709979057312,161593928,0.3685779869556427,0.3808709979057312,0.38500499725341797,0.36376699805259705,161593928,0.41297089755535127,0.4126928256974932,33.7760081706427,-0.02110087747465883,-0.010497796608018398,0.4519191443920135,0.5682378088393619,0.33560047994466513,2.213883075211545,2.956007057621521,-106.77822158563727,33.93066947193233,-97.78611692478846,0
2024-09-06,0.3659299910068512,0.3786010146141052,0.35730400681495667,0.3685779869556427,187427984,0.3659299910068512,0.3685779869556427,0.3786010146141052,0.35730400681495667,187427984,0.4029607981443405,0.40419049211737645,33.37837957641659,-0.023735278275414773,-0.013145292941497674,0.44970679432153704,0.5707059644721851,0.32870762417088895,3.8547926870278317,4.041984113067909,-107.52875335190247,34.40597904046926,-96.14520731297218,1
2024-09-07,0.3693679869174957,0.3759799897670746,0.3650040030479431,0.3659299910068512,93787608,0.3693679869174957,0.3659299910068512,0.3759799897670746,0.3650040030479431,93787608,0.39620249569416044,0.39785912753557995,34.45724360037197,-0.025254523921022065,-0.015567139137402554,0.4475972443819046,0.5725884925075421,0.3226059962562671,5.5674424547469945,3.8787060723287907,-97.83485045876482,34.847337925539264,-94.432557545253,1
2024-09-08,0.37570399045944214,0.37936899065971375,0.36799100041389465,0.3693679869174957,64257631,0.37570399045944214,0.3693679869174957,0.37936899065971375,0.36799100041389465,64257631,0.391265395283699,0.3938309207944639,36.49819347626438,-0.025651579071117314,-0.01758402712414551,0.44487929344177246,0.573586329731236,0.3161722571523089,10.791461719824813,6.737898953866547,-86.22509518225029,35.064156005304675,-89.20853828017519,1
2024-09-09,0.3825570046901703,0.3846159875392914,0.3727959990501404,0.37569698691368103,64392827,0.3825570046901703,0.37569698691368103,0.3846159875392914,0.3727959990501404,64392827,0.3874163955450058,0.3917811178664105,38.720844670783634,-0.02512365728060839,-0.019091953155438088,0.4409046441316605,0.5721302392216545,0.30967904904166643,16.098245750023224,10.81904997486501,-72.38426157511309,34.95965268819988,-83.90175424997678,0
2024-09-10,0.380046010017395,0.3826189935207367,0.37810298800468445,0.3825570046901703,39576111,0.380046010017395,0.3825570046901703,0.3826189935207367,0.37810298800468445,39576111,0.383417597413063,0.38964746189386223,38.193345507018535,-0.024624041124840013,-0.020198370749318472,0.4336374431848526,0.5613954432782635,0.30587944309144166,20.841282122782204,15.910329864210079,-67.04072193203939,34.86261389374543,-79.1587178772178,0
2024-09-11,0.3763970136642456,0.3803670108318329,0.3737959861755371,0.380046010017395,40981907,0.3763970136642456,0.380046010017395,0.3803670108318329,0.3737959861755371,40981907,0.380825600028038,0.3872382894884774,37.39605774851297,-0.02424307614065918,-0.021007311827586615,0.4258598953485489,0.5475252026014434,0.3041945880956544,21.51106452160961,19.483530798138347,-67.68810441137948,34.90868792848891,-78.48893547839039,1
2024-09-12,0.37849000096321106,0.3789750039577484,0.3752630054950714,0.3763970136642456,36246540,0.37849000096321106,0.3763970136642456,0.3789750039577484,0.3752630054950714,36246540,0.37758190035820005,0.38564769157479256,38.193029083476226,-0.023501362979452878,-0.02150612205795987,0.4178733959794044,0.5295476256807087,0.3061991662781002,29.2095773740455,23.85397467281244,-63.68529680006196,34.951470960750704,-70.7904226259545,1
2024-09-13,0.38234299421310425,0.44257301092147827,0.37584200501441956,0.37849000096321106,53147484,0.38234299421310425,0.37849000096321106,0.44257301092147827,0.37584200501441956,53147484,0.37602829933166504,0.385046837509031,39.71452244991842,-0.022345065594135072,-0.021673910765194912,0.40838329643011095,0.49558090455915366,0.32118568830106825,29.36470017506928,26.6951140235748,-22.161280176544874,33.10925809316736,-70.63529982493071,0
2024-09-14,0.37841498851776123,0.4229690134525299,0.3760150074958801,0.38234299421310425,42256677,0.37841498851776123,0.38234299421310425,0.4229690134525299,0.3760150074958801,42256677,0.37578279674053194,0.3838410467833456,38.66942014124699,-0.02149783515576098,-0.021638695643308125,0.40109444707632064,0.471010135056387,0.33117875909625427,24.758095774675454,27.777457774596744,-29.367083850312337,31.39863185898283,-75.24190422532455,1
2024-09-15,0.38332900404930115,0.3869040012359619,0.3779410123825073,0.37841498851776123,40951885,0.38332900404930115,0.37841498851776123,0.3869040012359619,0.3779410123825073,40951885,0.37725789844989777,0.38374794810442836,40.76935126830068,-0.020197059810863394,-0.02135036847681918,0.3951143980026245,0.4474038452464591,0.3428249507587899,30.521052177216667,28.21461604232047,-46.32821904185639,29.81019321295434,-69.47894782278333,0
2024-09-16,0.3768349885940552,0.38414499163627625,0.3763670027256012,0.38332900404930115,42297951,0.3768349885940552,0.38332900404930115,0.38414499163627625,0.3763670027256012,42297951,0.37834839820861815,0.38249104637526954,38.8750027213762,-0.019465809023560265,-0.020973456586167397,0.39065459817647935,0.4320746649459183,0.3492345314070404,22.9051364956715,26.061428149187876,-51.52111328321024,28.256566665495928,-77.0948635043285,1
2024-09-17,0.38070398569107056,0.38910698890686035,0.3761650025844574,0.3768349885940552,40846764,0.38070398569107056,0.3768349885940552,0.38910698890686035,0.3761650025844574,40846764,0.37948199808597566,0.38216612625086965,40.64452740397603,-0.018362421213534486,-0.020451249511640814,0.3878422468900681,0.42355101351801305,0.3521334802621231,27.442538025753954,26.956242232880708,-34.884661366279396,27.031353327432445,-72.55746197424605,1
2024-09-18,0.3858700096607208,0.38589298725128174,0.37539899349212646,0.38070398569107056,40338717,0.3858700096607208,0.38070398569107056,0.38589298725128174,0.37539899349212646,40338717,0.3804986000061035,0.3828395595981153,43.016604461013024,-0.016876580746977732,-0.0197363157587082,0.3858819976449013,0.4172391044907677,0.3545248907990349,33.501039615847176,27.949571379090873,-27.170690550219412,25.850210400507716,-66.49896038415282,1
2024-09-19,0.3984540104866028,0.4013729989528656,0.3858700096607208,0.3858700096607208,38641730,0.3984540104866028,0.3858700096607208,0.4013729989528656,0.3858700096607208,38641730,0.3820883005857468,0.38567855066874934,48.42371318911091,-0.014516283099069716,-0.018692309226780505,0.3847523480653763,0.41236501383831486,0.3571396822924377,48.259041022972205,36.40087288819111,47.27485339061277,25.434036428622,-51.740958977027795,1
2024-09-20,0.4003260135650635,0.4087670147418976,0.39197200536727905,0.3984540104866028,38235846,0.4003260135650635,0.3984540104866028,0.4087670147418976,0.39197200536727905,38235846,0.38411630094051363,0.38834172574080644,49.19601501384473,-0.01235228574360564,-0.017424304530145533,0.38376694917678833,0.4073916017296194,0.36014229662395725,45.53624119404453,42.432107277621306,92.3301240795603,25.3441734330859,-54.46375880595547,1
2024-09-21,0.4088729918003082,0.4102819859981537,0.3939230144023895,0.4003260135650635,35955520,0.4088729918003082,0.4003260135650635,0.4102819859981537,0.3939230144023895,35955520,0.38736389875411986,0.39207468320617034,52.67997140204577,-0.009834269201400847,-0.015906297464396597,0.38409474939107896,0.4088926583169693,0.3592968404651886,54.81481540680192,49.536699207939556,120.25378380543808,25.32207094519975,-45.18518459319808,0
2024-09-22,0.4002630114555359,0.4102729856967926,0.39184999465942383,0.4088729918003082,36241018,0.4002630114555359,0.4088729918003082,0.4102729856967926,0.39184999465942383,36241018,0.38954119980335233,0.39356347016060045,49.032177001230714,-0.008436228813200608,-0.0144122837341574,0.3835615500807762,0.4064107888266432,0.36071231133490916,39.36398488379245,46.57168049487964,103.55905998970245,25.1549334208315,-60.63601511620755,1
2024-09-23,0.4059230089187622,0.40693899989128113,0.39513200521469116,0.4002630114555359,37172249,0.4059230089187622,0.4002630114555359,0.40693899989128113,0.39513200521469116,37172249,0.39189920127391814,0.39581065902572077,51.41392285126889,-0.0067932488958836745,-0.012888476766502656,0.3839637503027916,0.4080562744415768,0.3598712261640064,46.71185306706809,46.963551119220824,116.76160076761221,24.99973429106098,-53.28814693293191,1
2024-09-24,0.4088349938392639,0.4089289903640747,0.3996660113334656,0.4059230089187622,37663870,0.4088349938392639,0.4059230089187622,0.4089289903640747,0.3996660113334656,37663870,0.3949412018060684,0.39817871990091036,52.64013979706395,-0.005196302882722048,-0.011350041989746535,0.38536199927330017,0.41171405477799883,0.3590099437686015,50.945803185233906,45.67388037869815,116.7378565266561,24.95435937773117,-49.054196814766094,1
2024-09-25,0.40988901257514954,0.4177829921245575,0.40516799688339233,0.4088299870491028,37761815,0.40988901257514954,0.4088299870491028,0.4177829921245575,0.40516799688339233,37761815,0.3975972026586533,0.40030786402349927,53.10151913967057,-0.003801835960342781,-0.009840400783865786,0.3874275505542755,0.4146550932886348,0.36020000781991623,51.44258548298045,49.70008057842748,127.65342001998525,25.340049151560695,-48.55741451701955,1
2024-09-26,0.4249730110168457,0.4311720132827759,0.4037179946899414,0.4098779857158661,37573342,0.4249730110168457,0.4098779857158661,0.4311720132827759,0.4037179946899414,37573342,0.4024110049009323,0.4047924362041077,59.22372728389499,-0.001462697202897878,-0.008164860067672204,0.39037970155477525,0.4203126534339781,0.3604467496755724,73.79939360759117,58.72926075860184,156.48585915065377,26.266453139091507,-26.200606392408826,1
2024-09-27,0.4337739944458008,0.43748199939727783,0.42414000630378723,0.4249730110168457,36606744,0.4337739944458008,0.4249730110168457,0.43748199939727783,0.42414000630378723,36606744,0.4077180057764053,0.4100618104298701,62.31486792421157,0.0010887030339103987,-0.006314147447355684,0.3936000019311905,0.4274055454240571,0.35979445843832386,94.02734307494383,73.08977405517182,190.60415081750034,27.368153136357382,-5.972656925056165,0
2024-09-28,0.4235590100288391,0.43712401390075684,0.4188520014286041,0.4337739944458008,35909029,0.4235590100288391,0.4337739944458008,0.43712401390075684,0.4188520014286041,35909029,0.4114869058132172,0.4125158467205917,56.92128767902781,0.0022603859094423306,-0.004599240775996081,0.39599275290966035,0.43114056549860913,0.36084494032071157,77.5735901226982,81.80010893507773,145.0926846537045,27.914217654200577,-22.42640987730179,0
2024-09-29,0.4214189946651459,0.42481398582458496,0.41544198989868164,0.4235590100288391,33682820,0.4214189946651459,0.4235590100288391,0.42481398582458496,0.41544198989868164,33682820,0.41378340423107146,0.41413460089232884,55.83104029836608,0.0029818982084454104,-0.0030830129791077827,0.3979358524084091,0.4341775559425688,0.36169414887424944,74.12656733040188,81.9091668426813,105.11564772679371,28.11566923507343,-25.87343266959811,0
2024-09-30,0.39591699838638306,0.421627014875412,0.39431801438331604,0.4214189946651459,37303732,0.39591699838638306,0.4214189946651459,0.421627014875412,0.39431801438331604,37303732,0.41334250271320344,0.41082230952761145,44.81519972098796,0.0014788565947323473,-0.002170639064339757,0.3987294018268585,0.43405287921084823,0.3634059244428688,33.04930970256726,61.58315571855578,21.194901557288564,26.673083742210505,-66.95069029743274,0
2024-10-01,0.3764120042324066,0.40460899472236633,0.37147799134254456,0.39591699838638306,38635885,0.3764120042324066,0.39591699838638306,0.40460899472236633,0.37147799134254456,38635885,0.4100964039564133,0.4045658903830287,38.55015245634063,-0.001271547127379813,-0.001990820676947768,0.39873015135526657,0.43405173381017237,0.3634085689003608,7.475323143665111,38.21706672554475,-84.87695388028112,25.50406009609683,-92.52467685633489,0
2024-10-02,0.3751029968261719,0.3859120011329651,0.37240099906921387,0.37640100717544556,36395203,0.3751029968261719,0.37640100717544556,0.3859120011329651,0.37240099906921387,36395203,0.4075804024934769,0.3992090006454183,38.164549707845346,-0.0035163535161145676,-0.002295927244781128,0.39856080114841463,0.4342989490830545,0.36282265321377477,5.4920990262005205,15.338910624144296,-118.78048584183715,24.418538138991273,-94.50790097379948,1
2024-10-03,0.3764230012893677,0.37824898958206177,0.3693299889564514,0.3751029968261719,37015414,0.3764230012893677,0.3751029968261719,0.37824898958206177,0.3693299889564514,37015414,0.40463040173053744,0.3950660916715909,38.82902282971626,-0.005129733054200336,-0.0028626884066649703,0.39826480150222776,0.4346279385890863,0.3619016644153692,10.407634766805346,7.791685645556993,-115.73621106982716,23.574950169902372,-89.59236523319466,1
2024-10-04,0.3837380111217499,0.3856709897518158,0.37616801261901855,0.376444011926651,34969976,0.3837380111217499,0.376444011926651,0.3856709897518158,0.37616801261901855,34969976,0.40212070345878603,0.3930064406625289,42.51552630788485,-0.005751784807619398,-0.003440507686855856,0.3985309526324272,0.43438338498714,0.3626785202777144,21.141008272688236,12.346914021898035,-75.71288520184143,22.28805891198787,-78.85899172731176,0
2024-10-05,0.3792870044708252,0.38517600297927856,0.3770039975643158,0.3837380111217499,32946008,0.3792870044708252,0.3837380111217499,0.38517600297927856,0.3770039975643158,32946008,0.3990605026483536,0.3905119977185827,40.90033450410664,-0.006528665944900425,-0.00405813933846477,0.39832885265350343,0.4345652927127561,0.36209241259425073,14.610009961509567,15.386217667001048,-80.79525776941003,21.093088458210122,-85.38999003849044,1
2024-10-06,0.38245999813079834,0.38421401381492615,0.37811601161956787,0.3792870044708252,33126680,0.38245999813079834,0.3792870044708252,0.38421401381492615,0.37811601161956787,33126680,0.39480920135974884,0.38904799779353094,42.57516905767779,-0.0068098164477307654,-0.00460847476031797,0.39861010313034057,0.4342574038861661,0.362962802374515,19.26576940198583,18.33892921206121,-77.04254778049302,19.983473036845073,-80.73423059801416,0
2024-10-07,0.3755989968776703,0.38920000195503235,0.37547799944877625,0.38245999813079834,36113304,0.3755989968776703,0.38245999813079834,0.38920000195503235,0.37547799944877625,36113304,0.3889917016029358,0.38660272489973807,39.93949081822792,-0.00749980265164818,-0.005186740338584012,0.39835485368967055,0.43457978758765,0.3621299197916911,9.19856638222286,14.35811524857275,-82.91032323412492,18.576824624496314,-90.80143361777714,1
2024-10-08,0.3769190013408661,0.3789139986038208,0.3736110031604767,0.3755989968776703,37012090,0.3769190013408661,0.3755989968776703,0.3789139986038208,0.3736110031604767,37012090,0.38432770073413847,0.38484204788903403,40.70010171445345,-0.007849622795526257,-0.005719316829972461,0.39790730327367785,0.43495010982923,0.3608644967181257,11.135419682158753,13.199918488789145,-95.88120662307462,17.41115601002994,-88.86458031784125,0
2024-10-09,0.3703339993953705,0.37991100549697876,0.3677639961242676,0.3769190013408661,36710952,0.3703339993953705,0.3769190013408661,0.37991100549697876,0.3677639961242676,36710952,0.37921920120716096,0.3822042208901861,38.10742522008263,-0.008559543316489893,-0.006287362127275948,0.3965013027191162,0.43544048358970067,0.35756212184853176,3.6862835285729187,8.006756530984841,-99.57843995438299,16.764298814993193,-96.31371647142709,1
2024-10-10,0.3708620071411133,0.3758400082588196,0.36556899547576904,0.3703339993953705,39011395,0.3708620071411133,0.3703339993953705,0.3758400082588196,0.36556899547576904,39011395,0.376713702082634,0.3801420002085365,38.446018283171824,-0.00897608392366439,-0.006825106486553637,0.3950281023979187,0.4354771758491459,0.35457902894669147,7.360298383754662,7.3940005314954425,-94.74067565970924,16.324684284285915,-92.63970161624533,1
2024-10-11,0.37432199716567993,0.3757309913635254,0.3706749975681305,0.3708589971065521,37396835,0.37432199716567993,0.3708589971065521,0.3757309913635254,0.3706749975681305,37396835,0.3765047013759613,0.37908381783710804,40.73405990475366,-0.008924131247283917,-0.007244911438699693,0.3933005526661873,0.43418578468246866,0.35241532064990594,12.23254760123749,7.759709837855021,-75.84440912190279,15.916470791486303,-87.76745239876252,0
2024-10-12,0.37318500876426697,0.37627801299095154,0.3726649880409241,0.37432199716567993,34535571,0.37318500876426697,0.37432199716567993,0.37627801299095154,0.3726649880409241,34535571,0.3763129025697708,0.3780113070965915,40.20518170059982,-0.008872428011516997,-0.007570414753263154,0.39194665253162386,0.43360600765796964,0.3502872974052781,12.855117780688676,10.815987921893608,-67.6686083689713,15.481635566996053,-87.14488221931133,0
2024-10-13,0.3687410056591034,0.37381601333618164,0.36594098806381226,0.37318500876426697,34956395,0.3687410056591034,0.37318500876426697,0.37381601333618164,0.36594098806381226,34956395,0.37554470300674436,0.3763257977443209,38.12177485634259,-0.00908531685784919,-0.007873395174180363,0.3900875523686409,0.4323996021613573,0.3477755025759245,5.6584414099984315,10.248702263974865,-77.61057336598958,15.62836022025945,-94.34155859000157,1
2024-10-14,0.3767549991607666,0.37713098526000977,0.367686003446579,0.3687410056591034,38282635,0.3767549991607666,0.3687410056591034,0.37713098526000977,0.367686003446579,38282635,0.37484640181064605,0.37640383436549285,43.77955008369141,-0.008509280810166497,-0.00800057230137759,0.388483552634716,0.43026005775116677,0.34670704751826525,28.652673926402613,15.722077705696572,-57.65849916331025,15.400167324879176,-71.34732607359739,0
2024-10-15,0.3721579909324646,0.37775498628616333,0.367807000875473,0.3767549991607666,43714197,0.3721579909324646,0.3767549991607666,0.37775498628616333,0.367807000875473,43714197,0.37413350045681,0.37563186283221495,41.43894823350478,-0.008327711562414575,-0.008066000153584987,0.3865970015525818,0.42773951156022844,0.3454544915449352,27.882838856133933,20.731318064178325,-59.308216103250146,15.118219729091155,-72.11716114386607,1
2024-10-16,0.37324199080467224,0.37453100085258484,0.37019801139831543,0.3721579909324646,14408687,0.37324199080467224,0.3721579909324646,0.37453100085258484,0.37019801139831543,14408687,0.3732116997241974,0.375197340645389,42.223365462513456,-0.008004080833630411,-0.008053616289594072,0.38401045054197314,0.4215214194329847,0.34649948165096156,32.47003184412145,29.668514875552663,-57.49287673154861,14.856411247287996,-67.52996815587855,0
2024-10-17,0.364672988653183,0.3741829991340637,0.36200401186943054,0.3732460141181946,12180433,0.364672988653183,0.3732460141181946,0.3741829991340637,0.36200401186943054,12180433,0.37211909890174866,0.37328382210135147,37.90141857833371,-0.008342876521640397,-0.008111468336003336,0.38055540025234225,0.4111957123136336,0.3499150881910509,9.81386143821791,23.38891071282443,-90.96435204808105,15.35499189410608,-90.18613856178209,1
2024-10-18,0.3685530126094818,0.36966800689697266,0.3645389974117279,0.364672988653183,10998894,0.3685530126094818,0.364672988653183,0.36966800689697266,0.3645389974117279,10998894,0.37128250002861024,0.3724236749210115,40.85360447144027,-0.008203721642266681,-0.008129918997256007,0.3778051003813744,0.4016278100668057,0.35398239069594306,24.080758668604105,22.121550650314486,-92.03148310958706,15.817959637580016,-75.9192413313959,1
2024-10-19,0.37159299850463867,0.3756900131702423,0.36842501163482666,0.3685530126094818,10091988,0.37159299850463867,0.3685530126094818,0.3756900131702423,0.36842501163482666,10091988,0.37140839993953706,0.37227264284530737,43.1346380277485,-0.007758701461465456,-0.008055675490097898,0.375313800573349,0.3883513956295173,0.3622762055171807,35.258825308532394,23.0511484717848,-53.466320407538845,15.457059775582541,-64.7411746914676,1
2024-10-20,0.3842250108718872,0.3842250108718872,0.36841800808906555,0.37159299850463867,9978893,0.3842250108718872,0.37159299850463867,0.3842250108718872,0.36841800808906555,9978893,0.3727447003126144,0.37444580066832184,51.50404298826166,-0.00631393877813452,-0.007707328147705223,0.3747292011976242,0.3847089527426566,0.3647494496525918,81.70689477571541,47.0154929176173,63.20808307285626,14.54770651909247,-18.293105224284584,0
2024-10-21,0.37188199162483215,0.3862319886684418,0.3701789975166321,0.3842250108718872,12711944,0.37188199162483215,0.3842250108718872,0.3862319886684418,0.3701789975166321,12711944,0.3725006997585297,0.3739796535695055,44.59708527647481,-0.006094676800610266,-0.007384797878286232,0.3745027005672455,0.384524935149305,0.36448046598518596,40.770964234226696,52.57889477282483,25.96689041952475,13.911207001834436,-59.229035765773304,0
2024-10-22,0.36591899394989014,0.3734929859638214,0.3638319969177246,0.37188199162483215,16413632,0.36591899394989014,0.37188199162483215,0.3734929859638214,0.3638319969177246,16413632,0.37177409827709196,0.37251407909321177,41.68845079222323,-0.0063291160709144645,-0.007173661516811879,0.3740435004234314,0.3847330120899378,0.36335398875692493,16.158931110662817,46.21226337353497,-117.53342651441258,13.212740456630854,-83.84106888933718,0
2024-10-23,0.3544900119304657,0.3659740090370178,0.3471420109272003,0.36591899394989014,14905055,0.3544900119304657,0.36591899394989014,0.3659740090370178,0.3471420109272003,14905055,0.37034899890422823,0.36923697597271243,36.742207126470454,-0.007352380548389936,-0.007209405323127491,0.3729468509554863,0.3865406170642912,0.3593530848466814,18.797659727273142,25.24251835738755,-261.0837395087273,13.985329406554571,-81.20234027272686,1
2024-10-24,0.3561190068721771,0.3585210144519806,0.3522540032863617,0.35472598671913147,14321766,0.3561190068721771,0.35472598671913147,0.3585210144519806,0.3522540032863617,14321766,0.3682853996753693,0.366851890681706,37.87364956012686,-0.007940347359627176,-0.007355593730427429,0.37156590074300766,0.3860747884610629,0.3570570130249524,22.964955376543294,19.307182071493077,-219.0634215752053,14.702733431483738,-77.0350446234567,0
2024-10-25,0.3215329945087433,0.356224000453949,0.31301701068878174,0.3561190068721771,17630734,0.3215329945087433,0.3561190068721771,0.356224000453949,0.31301701068878174,17630734,0.3632229000329971,0.3586120913775309,26.88051663950347,-0.01106951496597447,-0.008098377977536838,0.36867820024490355,0.39448300248871626,0.34287339800109085,11.631477677050434,17.79803092695562,-359.82262037508406,17.329892823551546,-88.36852232294956,1
2024-10-26,0.3288230001926422,0.32951098680496216,0.31929200887680054,0.3215250074863434,12609049,0.3288230001926422,0.3215250074863434,0.32951098680496216,0.31929200887680054,12609049,0.3587810009717941,0.3531958929802784,31.400309550759488,-0.012813454774328936,-0.009041393336895258,0.36599635034799577,0.3962753587038136,0.33571734199217795,21.588464464541065,18.72829917271159,-274.65116113045644,19.7693979733288,-78.41153553545894,1
2024-10-27,0.33041301369667053,0.3309459984302521,0.32547199726104736,0.3288230001926422,8972142,0.33041301369667053,0.3288230001926422,0.3309459984302521,0.32547199726104736,8972142,0.3553550034761429,0.3490535512923497,32.382068642909644,-0.013906928421301479,-0.010014500353776504,0.3637370511889458,0.3973702672353611,0.33010383514253044,23.76016969194692,18.99337061117947,-189.1373205008584,21.871303998839576,-76.23983030805309,0
2024-10-28,0.3254449963569641,0.3310230076313019,0.31364700198173523,0.33041301369667053,15298622,0.3254449963569641,0.33041301369667053,0.3310230076313019,0.31364700198173523,15298622,0.35104420185089114,0.3447610867586432,30.894323832488993,-0.015001464104332896,-0.011011893103887782,0.36116335093975066,0.3980849031880451,0.3242417986914562,16.974649192184433,20.7744277828908,-170.67866679957652,24.251797675097258,-83.02535080781557,1
2024-10-29,0.33455199003219604,0.33797699213027954,0.32396501302719116,0.3254449963569641,15452518,0.33455199003219604,0.3254449963569641,0.33797699213027954,0.32396501302719116,15452518,0.3473401010036469,0.34290488735383456,36.64090366992739,-0.01496156562430384,-0.011801827607970994,0.35937425047159194,0.3977827162797176,0.32096578466346626,29.413352209703557,23.382723697944964,-110.91395041383512,25.690556572204354,-70.58664779029644,0
2024-10-30,0.3326680064201355,0.3365060091018677,0.3299410045146942,0.33455199003219604,13620154,0.3326680064201355,0.33455199003219604,0.3365060091018677,0.3299410045146942,13620154,0.34218440055847166,0.34104363627498013,35.97443991697634,-0.014910093250037504,-0.012423480736384296,0.35746455043554304,0.3971744158650651,0.317754685006021,26.84013063121187,24.409377344366618,-93.25446785899352,27.026546976660942,-73.15986936878812,0
2024-10-31,0.32065701484680176,0.3332349956035614,0.3163619935512543,0.3326680064201355,7606928,0.32065701484680176,0.3326680064201355,0.3332349956035614,0.3163619935512543,7606928,0.3370619028806686,0.33733697783349315,31.98065937319346,-0.015657992076618554,-0.013070383004431148,0.3547813013195992,0.3967598475346512,0.31280275510454714,10.435028963803692,22.229503934906372,-112.02055843907583,28.807996393591925,-89.56497103619631,0
2024-11-01,0.31807100772857666,0.32473400235176086,0.31331300735473633,0.32065701484680176,12692181,0.31807100772857666,0.32065701484680176,0.32473400235176086,0.31331300735473633,12692181,0.3322771042585373,0.3338340741780538,31.17810330192657,-0.016271805205717138,-0.013710667444688346,0.3520256012678146,0.39599846395372157,0.3080527385819077,6.9029550773053305,14.72603822410696,-110.57768339633323,30.57157755506151,-93.09704492269466,0
2024-11-02,0.31355801224708557,0.3199799954891205,0.3116460144519806,0.31807100772857666,9812155,0.31355801224708557,0.31807100772857666,0.3199799954891205,0.3116460144519806,9812155,0.3281839042901993,0.33014751746333226,29.77385809249533,-0.016927290285947916,-0.014353992012940261,0.34926645159721376,0.3955614962283096,0.3029714069661179,2.5634816936975815,6.633821911602197,-106.90814701634669,32.270387905491056,-97.43651830630242,0
2024-11-03,0.3008190095424652,0.314054012298584,0.29548099637031555,0.31355801224708557,5904535,0.3008190095424652,0.31355801224708557,0.314054012298584,0.29548099637031555,5904535,0.3226539045572281,0.32481506147772005,26.188307131901112,-0.018264160119705886,-0.015136025634293386,0.34546965211629865,0.3944989830428052,0.29644032118979213,5.882043861970945,5.116160210991281,-125.63826135553599,34.373957665274915,-94.11795613802906,0
2024-11-04,0.2915799915790558,0.3032020032405853,0.2863120138645172,0.3008190095424652,8039566,0.2915799915790558,0.3008190095424652,0.3032020032405853,0.2863120138645172,8039566,0.31965860426425935,0.31877232149614476,23.936853950403446,-0.019840442361244548,-0.01607690897968362,0.34144075214862823,0.3941409681644417,0.28874053613281475,6.04257739697837,4.829367650882294,-137.354191670371,36.57260062672516,-93.95742260302163,1
2024-11-05,0.3038789927959442,0.30719101428985596,0.2911289930343628,0.2915799915790558,6762197,0.3038789927959442,0.2915799915790558,0.30719101428985596,0.2911289930343628,6762197,0.3171642035245895,0.3160644435506537,32.28293054824802,-0.019868202511971855,-0.016835167686141267,0.3379726022481918,0.39097367686284296,0.28497152763354067,22.051894248176122,11.32550516904181,-108.00243119583706,38.13829655265018,-77.94810575182387,1
2024-11-06,0.33390000462532043,0.33609598875045776,0.3034909963607788,0.3038789927959442,18026241,0.33390000462532043,0.3038789927959442,0.33609598875045776,0.3034909963607788,18026241,0.3175129026174545,0.31930727283695676,47.44239375614243,-0.01726869510507606,-0.016921873169928225,0.3364339530467987,0.38801281720928676,0.2848550888843106,65.90312893634655,31.332533527167012,-36.03142376664758,36.8815708498495,-34.09687106365346,1
2024-11-07,0.34424999356269836,0.35060200095176697,0.3316349983215332,0.33390000462532043,21974547,0.34424999356269836,0.33390000462532043,0.35060200095176697,0.3316349983215332,21974547,0.31939340233802793,0.32384231296890975,51.475554169133346,-0.014209609613442975,-0.016379420458631177,0.33521880209445953,0.3848208601301448,0.28561674405877424,82.87274117731813,56.9425881206136,23.28332717863314,34.72807657089977,-17.12725882268186,1
2024-11-08,0.39261800050735474,0.40522301197052,0.3402250111103058,0.34425100684165955,34392947,0.39261800050735474,0.34425100684165955,0.40522301197052,0.3402250111103058,34392947,0.32520000338554383,0.33634698343044517,64.9946429612317,-0.007792540829673011,-0.014662044532839546,0.3362700521945953,0.3896578861745827,0.28288221821460796,89.39962521218719,79.39183177528395,140.94895182020528,34.185046945492736,-10.600374787812804,0
2024-11-09,0.3857159912586212,0.39594998955726624,0.37512698769569397,0.39261800050735474,21393513,0.3857159912586212,0.39261800050735474,0.39594998955726624,0.37512698769569397,21393513,0.3305048018693924,0.3453231666719317,62.32619063641769,-0.0032267065849695964,-0.012374976943265557,0.33634460121393206,0.39000355342589826,0.28268564900196586,83.59527628007181,85.28921422319237,156.6662685982519,33.68080515047192,-16.40472371992819,1
2024-11-10,0.40695399045944214,0.4244009852409363,0.38188499212265015,0.3857159912586212,44209835,0.40695399045944214,0.3857159912586212,0.4244009852409363,0.38188499212265015,44209835,0.33913449943065643,0.3565287709969336,66.83795067363093,0.0020814849285811232,-0.009483684568896223,0.3380982011556625,0.3981942796295946,0.27800212268173047,87.36539594176925,86.78676581134273,194.5014427034815,34.04968268405786,-12.63460405823075,1
2024-11-11,0.4251820147037506,0.4256319999694824,0.3987930119037628,0.40695399045944214,38328960,0.4251820147037506,0.40695399045944214,0.4256319999694824,0.3987930119037628,38328960,0.34984560012817384,0.36901117894362756,70.14289969751114,0.007670691211637437,-0.006052809412789491,0.34106135219335554,0.4113346501502046,0.2707880542365065,99.67701312761201,90.21256178315103,195.59756305935323,34.42470134578366,-0.32298687238799156,0
2024-11-12,0.4009050130844116,0.4446049928665161,0.3814620077610016,0.4251820147037506,44302196,0.4009050130844116,0.4251820147037506,0.4446049928665161,0.3814620077610016,44302196,0.35858030021190646,0.37481005787831556,61.370415385785186,0.010025656788994752,-0.0028371161724326426,0.34338210225105287,0.4181950680505227,0.26856913645158303,72.39297658201717,86.47846188379947,149.8338539691027,35.24936828089644,-27.607023417982838,0
2024-11-13,0.37558498978614807,0.4023570120334625,0.3620229959487915,0.40087100863456726,16745070,0.37558498978614807,0.40087100863456726,0.4023570120334625,0.3620229959487915,16745070,0.36605689823627474,0.37495095458883054,53.81137430726305,0.009736631872373391,-0.0003223665634714359,0.3443554013967514,0.4203037394434701,0.2684070633500327,56.39730611204401,76.15576527389106,77.49098949068704,34.88767117076445,-43.60269388795599,0
2024-11-14,0.35814398527145386,0.3817090094089508,0.3555630147457123,0.37558498978614807,13033067,0.35814398527145386,0.37558498978614807,0.3817090094089508,0.3555630147457123,13033067,0.3727132976055145,0.3718951419856711,49.30629833962586,0.008007923878151801,0.0013436915248532116,0.3461859509348869,0.4216087522845716,0.2707631495852022,45.379126642142204,58.05646977873445,41.00747951661736,34.20535053611709,-54.620873357857796,1
2024-11-15,0.37110400199890137,0.37427499890327454,0.3502900004386902,0.35813799500465393,13121965,0.37110400199890137,0.35813799500465393,0.37427499890327454,0.3502900004386902,13121965,0.3794357985258102,0.37175129835171294,52.48930927231782,0.007596112124433785,0.0025941756447693263,0.34830000102519987,0.42402720600707455,0.2725727960433252,53.56648707288111,51.7809732756891,36.644324369454104,33.28785851419476,-46.43351292711889,1
2024-11-16,0.4256399869918823,0.43709298968315125,0.3702619969844818,0.3712809979915619,24089503,0.4256399869918823,0.3712809979915619,0.43709298968315125,0.3702619969844818,24089503,0.38860979676246643,0.3815492417408346,63.01351763304234,0.011537351153018571,0.004382810746419176,0.3530613496899605,0.43537923129939216,0.27074346808052885,88.01904797407704,62.32155389636679,112.28092437338019,34.06034974245792,-11.980952025922958,0
2024-11-17,0.39867401123046875,0.43989700078964233,0.39247098565101624,0.4256649911403656,15553035,0.39867401123046875,0.4256649911403656,0.43989700078964233,0.39247098565101624,15553035,0.39405219852924345,0.3846628361934953,56.3649939544517,0.01234260473401344,0.00597476954393803,0.3567228004336357,0.4403061667857409,0.27313943408153046,70.98356356319042,70.85636620338285,98.55250351713944,34.83240744970412,-29.01643643680959,1
2024-11-18,0.4543280005455017,0.4697119891643524,0.39664798974990845,0.39867401123046875,14671583,0.4543280005455017,0.39867401123046875,0.4697119891643524,0.39664798974990845,14671583,0.40022319853305816,0.3973292297120419,64.65390965394006,0.01727247942534793,0.00823431152022001,0.362711600959301,0.45571569901314835,0.26970750290545364,91.38552440476876,83.46271198067873,133.60458696023093,36.08369529627579,-8.61447559523124,0
2024-11-19,0.4329710006713867,0.4555079936981201,0.42508700489997864,0.4543280005455017,14293289,0.4329710006713867,0.4543280005455017,0.4555079936981201,0.42508700489997864,14293289,0.4049486994743347,0.40380955170465,59.94777470022231,0.0192343871915599,0.010434326654487989,0.36772675067186356,0.4644526959154529,0.2710008054282742,77.8963006577736,80.08846287524425,116.00310526654974,37.24560543952092,-22.103699342226403,0
2024-11-20,0.4311769902706146,0.4625389873981476,0.42230498790740967,0.4329710006713867,17314072,0.4311769902706146,0.4329710006713867,0.4625389873981476,0.42230498790740967,17314072,0.40737099945545197,0.4087854496257345,59.55561613792218,0.02040918717936746,0.012429298759463882,0.3732527494430542,0.47121108961115166,0.27529440927495674,72.09165795218962,80.45782767157732,105.68100818261591,38.446319188827964,-27.908342047810372,1
2024-11-21,0.45247501134872437,0.4593470096588135,0.41890498995780945,0.4311789870262146,10363461,0.45247501134872437,0.4311789870262146,0.4593470096588135,0.41890498995780945,10363461,0.41010029911994933,0.4167290063026417,62.67711261442787,0.022796018626993264,0.014502642732969761,0.3799729496240616,0.48027958190308395,0.2796663173450392,86.68825385017982,78.89207082004766,104.40426967626942,39.35994928951872,-13.311746149820179,1
2024-11-22,0.49274298548698425,0.4927459955215454,0.44616299867630005,0.45249900221824646,18849570,0.49274298548698425,0.45249900221824646,0.4927459955215454,0.44616299867630005,18849570,0.4192840963602066,0.430549729790704,67.74580610360053,0.02761851962260692,0.017125818110897195,0.3889321982860565,0.49571035779986705,0.282154038772246,99.99788704254995,86.2592662816398,142.57407790161545,40.77312313653549,-0.0021129574500578447,1
2024-11-23,0.5681489706039429,0.60623699426651,0.4905790090560913,0.49274900555610657,51346125,0.5681489706039429,0.49274900555610657,0.60623699426651,0.4905790090560913,51346125,0.43854049444198606,0.4555677735749292,74.68024110126991,0.03709738366414023,0.021120131221545803,0.4022986963391304,0.5270298703023427,0.27756752237591803,85.11878452138038,90.60164180470338,228.6863774845733,43.17214992266869,-14.881215478619625,1
2024-11-24,0.5727300047874451,0.5984330177307129,0.525173008441925,0.5682160258293152,22469241,0.5727300047874451,0.5682160258293152,0.5984330177307129,0.525173008441925,22469241,0.4599990963935852,0.47686999743175024,75.03144609077214,0.0444665205128672,0.025789409079810085,0.41635619699954984,0.55098551149718,0.2817268825019197,86.90862159467062,90.67509771953365,215.0951474859076,45.39981765264952,-13.091378405329387,0
2024-11-25,0.546459972858429,0.6143479943275452,0.5410680174827576,0.5727300047874451,21710882,0.546459972858429,0.5727300047874451,0.6143479943275452,0.5410680174827576,21710882,0.477534693479538,0.4895227202366009,69.11130626318626,0.04763770472180162,0.030159068208208392,0.4284852460026741,0.5641015105459686,0.29286898145937973,74.29048805934235,82.10596472513112,181.98450037170852,47.572958078668606,-25.70951194065765,0
2024-11-26,0.5281640291213989,0.5618749856948853,0.49859198927879333,0.5464180111885071,14266655,0.5281640291213989,0.5464180111885071,0.5618749856948853,0.49859198927879333,14266655,0.4877870976924896,0.49654841276110956,65.24988404841625,0.048119865445257204,0.03375122765561815,0.438198447227478,0.5731513444919174,0.30324554996303865,67.36172840788072,76.18694602063123,117.61490442861938,47.82009199808079,-32.63827159211929,1
2024-11-27,0.5804709792137146,0.5821070075035095,0.5173749923706055,0.5281640291213989,14268720,0.5804709792137146,0.5281640291213989,0.5821070075035095,0.5173749923706055,14268720,0.5059667944908142,0.5118070612070377,70.35032166982347,0.0521218863562376,0.03742535939574204,0.45000949651002886,0.5912090475780172,0.30880994544204055,87.17061558526807,76.27427735083037,131.58997794670367,48.285483116554026,-12.829384414731935,0
2024-11-28,0.5633080005645752,0.5805339813232422,0.5479170083999634,0.580473005771637,9047890,0.5633080005645752,0.580473005771637,0.5805339813232422,0.5479170083999634,9047890,0.5168647944927216,0.5211708683629536,66.88155192908192,0.0532942647121315,0.04059914045901994,0.45854399651288985,0.6053585594898672,0.31172943353591254,80.67091512311751,78.40108637208876,114.92427533168795,48.717632012279175,-19.329084876882494,1
2024-11-29,0.5837799906730652,0.5862830281257629,0.5579730272293091,0.5633080005645752,11435648,0.5837799906730652,0.5633080005645752,0.5862830281257629,0.5579730272293091,11435648,0.5319456934928894,0.5325543451466103,68.85424847111597,0.055238545943071704,0.0435270215558303,0.46844719648361205,0.6208881673552084,0.31600622561201575,87.47654351858759,85.10602474232438,109.9975319943788,49.189837749747674,-12.523456481412406,1
2024-11-30,0.5985710024833679,0.6163709759712219,0.5735759735107422,0.5837799906730652,15353804,0.5985710024833679,0.5837799906730652,0.6163709759712219,0.5735759735107422,15353804,0.5486850947141647,0.5445573737532934,70.23379477388953,0.05731225387875477,0.046284068020415195,0.47802804708480834,0.6377191141720173,0.31833697999759936,92.05003382876535,86.73249749015683,113.09016515384924,49.976670619128036,-7.9499661712346485,1
2024-12-01,0.6028810143470764,0.6094840168952942,0.5800079703330994,0.5985620021820068,14211341,0.6028810143470764,0.5985620021820068,0.6094840168952942,0.5800079703330994,14211341,0.5637256950139999,0.5551616720430721,70.64186155876058,0.058627641340240955,0.04875278268438035,0.48691299706697466,0.6534800394909304,0.32034595464301896,93.8604686491208,91.1290153321579,100.3496557922038,50.70730114069552,-6.139531350879192,1
2024-12-02,0.6509439945220947,0.6509439945220947,0.5729020237922668,0.6028839945793152,38296501,0.6509439945220947,0.6028839945793152,0.6509439945220947,0.5729020237922668,38296501,0.579545795917511,0.5725766397665307,74.79200405519938,0.06282417818197383,0.051567061783899054,0.4994149461388588,0.6755431484886116,0.32328674378910593,100.0,95.30350082596205,110.37810956928293,51.808002962883585,-0.0,1
2024-12-03,0.7046449780464172,0.7623980045318604,0.645097017288208,0.6509439945220947,56735669,0.7046449780464172,0.6509439945220947,0.7623980045318604,0.645097017288208,56735669,0.5931953966617585,0.5965890649083283,78.45644762733417,0.06967995726297005,0.05518964087971326,0.5158679455518722,0.7037387535171064,0.32799713758663807,83.18654993404746,92.3490061943894,157.77073437896442,53.55791569287482,-16.813450065952537,1
2024-12-04,0.7087010145187378,0.7490569949150085,0.6996859908103943,0.7046449780464172,28738786,0.7087010145187378,0.7046449780464172,0.7490569949150085,0.6996859908103943,28738786,0.6067924976348877,0.6169730557465846,78.70820734425604,0.07458077902777649,0.0590678685093259,0.5333957970142365,0.7245190220448212,0.3422725719836517,84.36737059130311,89.18464017511685,156.54761355763955,55.18283465643812,-15.632629408696886,0
2024-12-05,0.6875699758529663,0.7212089896202087,0.6712489724159241,0.7087010145187378,28718606,0.6875699758529663,0.7087010145187378,0.7212089896202087,0.6712489724159241,28718606,0.6209034979343414,0.6298088594022904,73.86522771507131,0.07588486388979665,0.06243126758542006,0.5492190957069397,0.7363361450591491,0.3621020463547303,76.33784138588642,81.29725397041233,126.95677052259298,55.66259553131676,-23.66215861411358,1
2024-12-06,0.7148500084877014,0.7237920165061951,0.6650500297546387,0.6820600032806396,20530122,0.7148500084877014,0.6820600032806396,0.7237920165061951,0.6650500297546387,20530122,0.6395720958709716,0.6452708865087287,75.92477470617861,0.07821798296463689,0.06558861066126342,0.5636795967817306,0.7550136669953162,0.372345526568145,82.50747856641331,81.07089684786762,125.77402547566109,55.89041874571908,-17.492521433586692,0
2024-12-07,0.7010520100593567,0.7167479991912842,0.6970059871673584,0.7148500084877014,10598196,0.7010520100593567,0.7148500084877014,0.7167479991912842,0.6970059871673584,10598196,0.6516301989555359,0.6554129089724792,72.799851374438,0.0780538572031807,0.06808165996964688,0.5787984967231751,0.7632524725980819,0.3943445208482682,76.74579390706654,78.53037128645542,116.59686999064189,56.10196887337838,-23.25420609293345,1
2024-12-08,0.7041140198707581,0.70592200756073,0.6806809902191162,0.7006480097770691,10195311,0.7041140198707581,0.7006480097770691,0.70592200756073,0.6806809902191162,10195311,0.6657108008861542,0.6642676564085299,73.0647936921823,0.07728002888838315,0.06992133375339414,0.5912877976894378,0.7741581174413446,0.40841747793753114,77.90649898366004,79.05325715237996,97.1998821342925,55.681567302482144,-22.093501016339953,0
2024-12-09,0.5842790007591248,0.7038189768791199,0.5246149897575378,0.7038189768791199,26990818,0.5842790007591248,0.7038189768791199,0.7038189768791199,0.5246149897575378,26990818,0.6657607018947601,0.6497242644722744,51.79963567310422,0.06623358034921345,0.069183783072558,0.5988531976938247,0.7668103224028715,0.4308960729847779,32.48106810533966,62.37778699868875,8.088036695058609,51.96776791073482,-67.51893189466034,0
2024-12-10,0.5809609889984131,0.6023820042610168,0.5293470025062561,0.5842660069465637,19100451,0.5809609889984131,0.5842660069465637,0.6023820042610168,0.5293470025062561,19100451,0.6639997005462647,0.6372218507497541,51.35396578245561,0.05655947209004397,0.0666589208760552,0.6063423976302147,0.7560962202759665,0.45658857498446287,25.95103050400846,45.44619919766939,-33.60311396441086,48.519239904112304,-74.04896949599154,1
2024-12-11,0.6295310258865356,0.635138988494873,0.5574889779090881,0.5810049772262573,14522816,0.6295310258865356,0.5810049772262573,0.635138988494873,0.5574889779090881,14522816,0.6666647017002105,0.6358235189564416,57.16390581082564,0.05221002301094335,0.06376914130303282,0.6151951983571052,0.7474269156492805,0.4829634810649299,44.12259480710705,34.18489780548505,-3.944678368665174,45.38510993246219,-55.87740519289295,0
2024-12-12,0.623354971408844,0.6673489809036255,0.6167259812355042,0.6297640204429626,15730431,0.623354971408844,0.6297640204429626,0.6673489809036255,0.6167259812355042,15730431,0.6639057993888855,0.6335565103114238,56.244032481501726,0.04771467225831694,0.060558247494089654,0.6217257976531982,0.7414297643429728,0.5020218309634237,41.52524592432276,37.199623745146084,21.506277471739814,43.008856810603696,-58.47475407567724,0
2024-12-13,0.6192290186882019,0.6283689737319946,0.6093909740447998,0.623354971408844,7774956,0.6192290186882019,0.623354971408844,0.6283689737319946,0.6093909740447998,7774956,0.655364203453064,0.6309515118344743,55.60033566984603,0.04331978102702494,0.05711055420067672,0.6242798000574112,0.7414553070110859,0.5071042931037366,39.79007038011579,41.812637037181865,-3.8109429274673334,40.65126290393639,-60.20992961988421,0
2024-12-14,0.6011589765548706,0.6273630261421204,0.5860580205917358,0.6192290186882019,5645357,0.6011589765548706,0.6192290186882019,0.6273630261421204,0.5860580205917358,5645357,0.6446099996566772,0.6255346872381827,52.752794699437295,0.037941332615495926,0.05327670988364056,0.6257012486457825,0.7410158426176869,0.510386654673878,32.19068732473591,37.835334543058146,-25.8701595226513,37.98511747128635,-67.80931267526408,1
2024-12-15,0.6151059865951538,0.6175209879875183,0.5845779776573181,0.6011589765548706,5645556,0.6151059865951538,0.6011589765548706,0.6175209879875183,0.5845779776573181,5645556,0.637363600730896,0.6236385598485411,54.68196373357358,0.03440765067103857,0.049502898041120166,0.6291335493326187,0.7387553938198769,0.5195117048453605,38.05612311018096,36.678960271677546,-28.131325404116918,35.47893417685437,-61.94387688981904,0
2024-12-16,0.5925419926643372,0.6233689785003662,0.586080014705658,0.615136981010437,10313742,0.5925419926643372,0.615136981010437,0.6233689785003662,0.586080014705658,10313742,0.6251327991485596,0.6179846385423222,51.05025026244701,0.029447009738067687,0.04549172038050967,0.6323524475097656,0.7333688974990329,0.5313359975204983,28.566801952304356,32.9378707957404,-42.46596200795602,33.271532061604084,-71.43319804769564,0
2024-12-17,0.5648210048675537,0.5979380011558533,0.5596439838409424,0.5925419926643372,8395348,0.5648210048675537,0.5925419926643372,0.5979380011558533,0.5596439838409424,8395348,0.6115096986293793,0.6083185233287279,46.92675579462505,0.02301352838812687,0.04099608198203311,0.6315699487924575,0.7344078588743947,0.5287320387105203,17.913765777402915,28.178896946629408,-83.73060986419861,31.147432928445987,-82.08623422259708,0
2024-12-18,0.5166919827461243,0.5667999982833862,0.4971039891242981,0.5648210048675537,9438377,0.5166919827461243,0.5648210048675537,0.5667999982833862,0.4971039891242981,9438377,0.5927674949169159,0.591659152313709,40.76951540330244,0.013871436923208913,0.03557115297026828,0.629239147901535,0.7399701549423063,0.5185081408607637,8.640947582479358,18.373838437395538,-147.4537702568736,30.311779645695005,-91.35905241752064,0
2024-12-19,0.47682198882102966,0.5263569951057434,0.46206098794937134,0.5166940093040466,12233016,0.47682198882102966,0.5166940093040466,0.5263569951057434,0.46206098794937134,12233016,0.5820217937231064,0.5707796680423127,36.49732651085933,0.0033702382609640535,0.029130970028407435,0.6238912478089332,0.7518750235772366,0.4959074720406299,5.63975962385889,10.731490994580383,-184.25542035141638,30.056734458020404,-94.3602403761411,1
2024-12-20,0.49818798899650574,0.5031200051307678,0.41451698541641235,0.4767949879169464,10214424,0.49818798899650574,0.4767949879169464,0.5031200051307678,0.41451698541641235,10214424,0.5737444937229157,0.5575811809430751,40.11865707523327,-0.0031911935915939216,0.022666537304407163,0.6188720971345901,0.7578365467484669,0.47990764752071335,27.68445320519584,13.98838680384469,-179.49755851867562,30.431242166278075,-72.31554679480416,0
2024-12-21,0.4713349938392639,0.5223309993743896,0.4655520021915436,0.49819299578666687,5340573,0.4713349938392639,0.49819299578666687,0.5223309993743896,0.4655520021915436,5340573,0.5579248905181885,0.5419000560151094,37.24399616771969,-0.010437668946265855,0.01604569605427256,0.6122947961091996,0.765397281802231,0.45919231041616815,19.497950997808328,17.607387942287684,-141.73665388300384,30.31145818399607,-80.50204900219167,1
2024-12-22,0.47287601232528687,0.48876699805259705,0.46165400743484497,0.4713349938392639,4391299,0.47287601232528687,0.4713349938392639,0.48876699805259705,0.46165400743484497,4391299,0.5428769946098327,0.529350229889687,37.52067527224188,-0.015873228858348742,0.0096619110717483,0.6033913969993592,0.7668296312327034,0.43995316276601487,20.172355749717433,22.451586650907192,-134.94153717159037,30.25346437855605,-79.82764425028257,1
2024-12-23,0.5003309845924377,0.5045809745788574,0.4627220034599304,0.47287601232528687,6174368,0.5003309845924377,0.47287601232528687,0.5045809745788574,0.4627220034599304,6174368,0.5309871912002564,0.5240740034720054,42.3935995609081,-0.01776082668430068,0.004177363520538505,0.5931756973266602,0.7555593372545437,0.4307920573987767,33.94111532864336,24.53714069205637,-104.37008557831662,29.795338699107827,-66.05888467135664,1
2024-12-24,0.5278229713439941,0.5318570137023926,0.4910869896411896,0.5003309845924377,10703494,0.5278229713439941,0.5003309845924377,0.5318570137023926,0.4910869896411896,10703494,0.5236535906791687,0.5247556339941851,46.8627237764017,-0.016844218326340643,-2.6952848837324874e-05,0.584131795167923,0.7397796471524852,0.4284839431833608,44.81473387465796,32.97606831767291,-68.0602544620389,28.705744039576143,-55.18526612534204,0
2024-12-25,0.5142189860343933,0.5278329849243164,0.5069389939308167,0.5278229713439941,4204441,0.5142189860343933,0.5278229713439941,0.5278329849243164,0.5069389939308167,4204441,0.5135648906230926,0.5228398798196775,45.00222090116366,-0.01701933917227927,-0.0034254301135257137,0.5754642456769943,0.7263397470090501,0.42458874434493843,39.43409156972118,39.396646924340835,-61.63459334758153,27.693977570011008,-60.56590843027882,0
2024-12-26,0.47555699944496155,0.5167369842529297,0.4720970094203949,0.5142189860343933,3847273,0.47555699944496155,0.5142189860343933,0.5167369842529297,0.4720970094203949,3847273,0.5018663913011551,0.51424299247882,40.12652046024429,-0.02004673660945333,-0.006749691412711237,0.5634995952248574,0.7059826428322861,0.4210165476174287,28.543112696465645,37.597312713614926,-81.9125035974705,27.365528405955796,-71.45688730353436,1
2024-12-27,0.4778760075569153,0.4983710050582886,0.4727570116519928,0.47555699944496155,4465258,0.4778760075569153,0.47555699944496155,0.4983710050582886,0.4727570116519928,4465258,0.4931718915700912,0.50763081340211,40.54263368760016,-0.022005184249482723,-0.009800789980065536,0.5523407950997352,0.6845735064923268,0.4201080837071436,29.767536161103838,32.58158014243022,-79.3031792155377,27.060539896475955,-70.23246383889617,1
2024-12-28,0.4877359867095947,0.4899330139160156,0.47375500202178955,0.4778760075569153,3521267,0.4877359867095947,0.4778760075569153,0.4899330139160156,0.47375500202178955,3521267,0.4902762919664383,0.5040135721852891,42.376366577977834,-0.02250225817465412,-0.012341083618983253,0.5415218934416771,0.6566089445457679,0.42643484233758633,35.05784178164389,31.122830213071115,-72.20825784377122,26.777336280530392,-64.94215821835611,0
2024-12-29,0.4651489853858948,0.4880230128765106,0.4620710015296936,0.4877369999885559,3321806,0.4651489853858948,0.4877369999885559,0.4880230128765106,0.4620710015296936,3321806,0.4891089916229248,0.4969472836763083,39.380138241453814,-0.024437079638435,-0.014760282822873602,0.5355653926730156,0.6534807856374437,0.41764999970858757,24.2430054038936,29.689461115547104,-80.21582967114666,26.73540314642658,-75.7569945961064,0
2024-12-30,0.46018800139427185,0.47547000646591187,0.4506489932537079,0.46514201164245605,5760321,0.46018800139427185,0.46514201164245605,0.47547000646591187,0.4506489932537079,5760321,0.4853089928627014,0.4902637778068471,38.73237067188261,-0.026070228173339427,-0.01702227189296677,0.5295267432928086,0.6498694910703842,0.409183995515233,24.899554608691922,28.066800598076465,-85.01023258410925,26.910731413936087,-75.10044539130807,0
2024-12-31,0.450545996427536,0.47382599115371704,0.4499160051345825,0.46018901467323303,4898638,0.450545996427536,0.46018901467323303,0.47382599115371704,0.4499160051345825,4898638,0.48323009312152865,0.4830423630106087,37.44323238540713,-0.02782182667326527,-0.01918218284902647,0.5205774918198586,0.6363766321561093,0.4047783514836079,23.659244936660553,24.267268316415354,-85.20303870258248,27.087702508856324,-76.34075506333944,1
2025-01-01,0.47343501448631287,0.476375013589859,0.445932000875473,0.450545996427536,5955693,0.47343501448631287,0.450545996427536,0.476375013589859,0.445932000875473,5955693,0.4832859933376312,0.48129557236982756,42.34868556843401,-0.02705119925201399,-0.020755986129623975,0.513081493973732,0.6203965513490786,0.40576643659838546,50.21136429787279,32.92338794774175,-72.79826809020258,27.33338754598194,-49.78863570212721,1
2025-01-02,0.48273101449012756,0.4936690032482147,0.47235000133514404,0.47343501448631287,6527970,0.48273101449012756,0.47343501448631287,0.4936690032482147,0.47235000133514404,6527970,0.48152599632740023,0.48155656184624573,44.26039702533468,-0.02539759430056393,-0.021684307763811965,0.5062565937638283,0.6024905555878557,0.41002263193980076,58.133639534724246,44.00141625641919,-41.81865417425757,26.907797146534964,-41.866360465275754,1
2025-01-03,0.5182110071182251,0.5215799808502197,0.48010900616645813,0.48273101449012756,6055402,0.5182110071182251,0.48273101449012756,0.5215799808502197,0.48010900616645813,6055402,0.4805647999048233,0.4882210064411511,50.94625826207206,-0.020982290789345326,-0.021543904368918638,0.502109195291996,0.5882454878744943,0.4159729027094979,84.11870288380997,64.15456890546899,8.102367999412307,25.570830377264567,-15.881297116190021,1
2025-01-04,0.52326500415802,0.5281820297241211,0.5127779841423035,0.5182099938392639,5163695,0.52326500415802,0.5182099938392639,0.5281820297241211,0.5127779841423035,5163695,0.481469401717186,0.49459264238967265,51.83256320134132,-0.016880725131633745,-0.02061126852146166,0.4975171461701393,0.5673094947486241,0.42772479759165444,90.00057228774628,77.41763823542682,55.928499340425816,24.12127661275947,-9.999427712253722,0
2025-01-05,0.516061007976532,0.5244190096855164,0.5079600214958191,0.52326500415802,3598448,0.516061007976532,0.52326500415802,0.5244190096855164,0.5079600214958191,3598448,0.485519802570343,0.4984959815872834,50.43376334298407,-0.014049552586575142,-0.01929892533448436,0.49369309693574903,0.5491485671961504,0.4382376266753477,81.6165221206556,85.24526576407062,66.80113965228797,22.915473305781294,-18.3834778793444,1
2025-01-06,0.5234400033950806,0.5362510085105896,0.5090799927711487,0.516061007976532,5030571,0.5234400033950806,0.516061007976532,0.5362510085105896,0.5090799927711487,5030571,0.49007620215415953,0.5030312582796101,51.8666358840537,-0.011082650786128467,-0.01765567042481318,0.4916240468621254,0.5387761957039604,0.44447189802029047,85.81582609137521,85.8109734999257,112.27504870555417,21.397792370034278,-14.184173908624786,0
2025-01-07,0.4700709879398346,0.5246279835700989,0.46836400032043457,0.5234400033950806,5624802,0.4700709879398346,0.5234400033950806,0.5246279835700989,0.46836400032043457,5624802,0.4883097022771835,0.4970384818541964,42.3344559684306,-0.012889214417124317,-0.01670237922327541,0.4892929971218109,0.5358635517322075,0.44272244251141435,26.72636435719228,64.7195708564077,-8.163976907428657,21.122592278471632,-73.27363564280772,0
2025-01-08,0.4621489942073822,0.4746229946613312,0.4405609965324402,0.4700709879398346,6320648,0.4621489942073822,0.4700709879398346,0.4746229946613312,0.4405609965324402,6320648,0.4880097031593323,0.49069493864568475,41.12621683356974,-0.014789681554913559,-0.01631983968960304,0.48855934739112855,0.5363392360289924,0.44077945875326474,22.560345880060694,45.03417877620939,-112.71921268885968,21.492145857699718,-77.4396541199393,0
2025-01-09,0.449209988117218,0.4654400050640106,0.4402639865875244,0.4621489942073822,10685447,0.449209988117218,0.4621489942073822,0.4654400050640106,0.4402639865875244,10685447,0.4869119018316269,0.4831522203677817,39.16033926542814,-0.017142279581115805,-0.016484327667905595,0.48611044734716413,0.5366085817658316,0.43561231292849667,9.320011549961345,19.535573929071436,-131.22711703259012,21.84172301952285,-90.67998845003865,1
2025-01-10,0.45789799094200134,0.46360498666763306,0.4468750059604645,0.449209988117218,6412672,0.45789799094200134,0.449209988117218,0.46360498666763306,0.4468750059604645,6412672,0.4876471012830734,0.47856054229036704,41.193025120004414,-0.01809706949503953,-0.016806876033332384,0.48543859720230104,0.5370504348299907,0.43382675957461136,18.371238112388575,16.7505318474702,-101.42532691799893,22.166330384072896,-81.62876188761142,1
2025-01-11,0.45986101031303406,0.4633919894695282,0.4517349898815155,0.45789799094200134,4166745,0.45986101031303406,0.45789799094200134,0.4633919894695282,0.4517349898815155,4166745,0.4862897008657455,0.47516062738539744,41.667250988021436,-0.018482295722845654,-0.01714195997123504,0.4847878471016884,0.5373365555823958,0.432239138620981,20.416326429230097,16.035858697193333,-87.82497460818091,22.46775150829794,-79.5836735707699,0
2025-01-12,0.4495779871940613,0.462103009223938,0.4460560083389282,0.45986101031303406,3750062,0.4495779871940613,0.45986101031303406,0.462103009223938,0.4460560083389282,3750062,0.4829743981361389,0.4705092382596999,39.85419445230292,-0.019393784831354233,-0.01759232494325888,0.48225019723176954,0.5364280258877133,0.42807236857582576,9.703395750731964,16.16365343078354,-95.53582313171955,22.896444660068454,-90.29660424926804,0
2025-01-13,0.4391629993915558,0.45897001028060913,0.4113210141658783,0.4495779871940613,9741385,0.4391629993915558,0.4495779871940613,0.45897001028060913,0.4113210141658783,9741385,0.475069597363472,0.4648099221018555,38.04837134299808,-0.020717727919629503,-0.018217405538533005,0.4778171986341476,0.5308507444998941,0.42478365276840113,22.286069387672338,17.46859718921146,-129.63132074903345,24.09728424851934,-77.71393061232766,1
2025-01-14,0.45565301179885864,0.45673900842666626,0.4372609853744507,0.4391399919986725,4668417,0.45565301179885864,0.4391399919986725,0.45673900842666626,0.4372609853744507,4668417,0.46830839812755587,0.4631450293194924,42.49141663745563,-0.02020346321932376,-0.018614617074691156,0.47488889992237093,0.5259916343319894,0.4237861655127525,35.485471575911475,22.491645571438585,-81.42924477836891,25.2123495806523,-64.51452842408852,1
2025-01-15,0.48632898926734924,0.4867349863052368,0.4482100009918213,0.4556509852409363,7583759,0.48632898926734924,0.4556509852409363,0.4867349863052368,0.4482100009918213,7583759,0.46533519625663755,0.4673602947645573,49.71610377765893,-0.017123223861548575,-0.01831633843206264,0.4754274994134903,0.5267735310414795,0.42408146778550104,60.040005200437506,39.270515388007105,-3.9851195085111577,24.89096320491949,-39.959994799562494,0
2025-01-16,0.4729030132293701,0.48687300086021423,0.46935299038887024,0.48632898926734924,8874356,0.4729030132293701,0.48632898926734924,0.48687300086021423,0.46935299038887024,8874356,0.4602814972400665,0.46836806175815965,46.93682431069848,-0.015585812494679774,-0.01777023324458607,0.47517884969711305,0.5265232089285781,0.42383449046564803,49.29320567611055,48.27289415081984,5.7336880209422105,24.586727986249226,-50.70679432388945,1
2025-01-17,0.5076119899749756,0.5148360133171082,0.47287899255752563,0.47287899255752563,10190373,0.5076119899749756,0.47287899255752563,0.5148360133171082,0.47287899255752563,10190373,0.46403559744358064,0.4755033214339443,54.083221777188456,-0.01143486456093451,-0.016503159507855757,0.4761726498603821,0.529192816302014,0.4231524834187503,77.07594666450379,62.13638584701727,73.3894984995487,23.20057996180832,-22.924053335496207,0
2025-01-18,0.48260799050331116,0.512719988822937,0.4705890119075775,0.5076119899749756,9508936,0.48260799050331116,0.5076119899749756,0.512719988822937,0.4705890119075775,9508936,0.46608149707317353,0.4767950794465564,48.96699553379479,-0.01004700657000257,-0.01521192892028512,0.4770456001162529,0.529885626299539,0.4242055739329669,57.06153811288527,61.14356348449987,38.46411914016068,21.989094226417826,-42.93846188711473,0
2025-01-19,0.44384700059890747,0.4918000102043152,0.43784099817276,0.48260200023651123,18125441,0.44384700059890747,0.48260200023651123,0.4918000102043152,0.43784099817276,18125441,0.46554519832134245,0.4708045196560747,42.2884881922999,-0.01193720242053542,-0.01455698362033518,0.4762285500764847,0.5305699869274619,0.4218871132255074,26.03537013159731,53.390951636328786,-55.84831032668389,21.84711707134539,-73.9646298684027,0
2025-01-20,0.4426949918270111,0.4833090007305145,0.4319339990615845,0.44376900792121887,17177951,0.4426949918270111,0.44376900792121887,0.4833090007305145,0.4319339990615845,17177951,0.46402489840984346,0.46569369641442676,42.10468545001154,-0.013373986736283205,-0.014320384243524786,0.4758359998464584,0.5310207492767521,0.42065125041616463,27.689362645652192,36.928756963378255,-70.13883217161212,21.873684068097816,-72.3106373543478,1
2025-01-21,0.45201900601387024,0.46347299218177795,0.42897099256515503,0.4425489902496338,11955093,0.45201900601387024,0.4425489902496338,0.46347299218177795,0.42897099256515503,11955093,0.46324069797992706,0.463207389068871,44.2179605630015,-0.013603466344982551,-0.014177000663816339,0.4747651994228363,0.5309173766593402,0.41861302218633234,39.316033600632466,31.013588792627317,-78.43617913798893,21.980322349751468,-60.683966399367534,0
2025-01-22,0.4416230022907257,0.45409300923347473,0.4410330057144165,0.45201900601387024,6551414,0.4416230022907257,0.45201900601387024,0.45409300923347473,0.4410330057144165,6551414,0.4624451994895935,0.4592829551092082,42.3613099459559,-0.014457543642020787,-0.014233109259457229,0.47270979881286623,0.5305298517870839,0.41488974583864857,29.273040982764087,32.092812409682914,-77.88429447779706,22.079343611286998,-70.72695901723591,1
2025-01-23,0.4423219859600067,0.44717100262641907,0.4300059974193573,0.4416230022907257,9301113,0.4423219859600067,0.4416230022907257,0.44717100262641907,0.4300059974193573,9301113,0.4627610981464386,0.4561991425366261,42.53601782169887,-0.014906174808338668,-0.014367722369233518,0.4689153477549553,0.5241980659692788,0.4136326295406318,29.94828966654162,32.84578808331272,-87.288158304169,22.498992920525605,-70.05171033345837,0
2025-01-24,0.4318859875202179,0.44891801476478577,0.42819198966026306,0.4423219859600067,8417148,0.4318859875202179,0.4423219859600067,0.44891801476478577,0.42819198966026306,8417148,0.46038439571857454,0.4517785688972791,40.55931816738446,-0.01592029682491458,-0.014678237260369731,0.4643463969230652,0.5158841050599221,0.41280868878620824,19.86666040956565,26.362663686290446,-94.15389787714943,22.942674429473502,-80.13333959043435,1
2025-01-25,0.4355100095272064,0.4380060136318207,0.42915600538253784,0.43192899227142334,4640753,0.4355100095272064,0.43192899227142334,0.4380060136318207,0.42915600538253784,4640753,0.4553024977445602,0.4488206490118113,41.57469293026696,-0.016244313209709538,-0.014991452450237693,0.4603188470005989,0.5074641328181065,0.41317356118309123,23.367623590460838,24.394191222189363,-100.47126016464662,23.35466440206798,-76.63237640953916,0
2025-01-26,0.43432798981666565,0.4465639889240265,0.4333589971065521,0.4355100095272064,5700356,0.43432798981666565,0.4355100095272064,0.4465639889240265,0.4333589971065521,5700356,0.4514449954032898,0.4461856200672394,41.32672691196494,-0.016407343992829004,-0.015274630758755956,0.4558632463216782,0.49435372981682557,0.4173727628265308,22.225741041813077,21.82000834727985,-88.29960856276188,23.237984326035907,-77.77425895818692,0
2025-01-27,0.41472500562667847,0.4374209940433502,0.3925879895687103,0.43447399139404297,11218126,0.41472500562667847,0.43447399139404297,0.4374209940433502,0.3925879895687103,11218126,0.4421562969684601,0.4404655083507737,37.348260863952405,-0.01791186720281812,-0.01580207804756839,0.45309594720602037,0.49491680955038586,0.41127508486165487,18.10828132774479,21.233881986672895,-182.17468636944784,24.34798289643857,-81.89171867225521,0
2025-01-28,0.38980698585510254,0.417697012424469,0.38697099685668945,0.41472500562667847,7556850,0.38980698585510254,0.41472500562667847,0.417697012424469,0.38697099685668945,7556850,0.43287619650363923,0.4312548678970153,32.99947789470288,-0.02087426312173507,-0.016816515062401727,0.4494788467884064,0.49929207654994373,0.39966561702686904,2.2179553695916363,14.183992579716497,-214.51560055687267,25.515642806077686,-97.78204463040836,1
2025-01-29,0.3954870104789734,0.4047749936580658,0.3833470046520233,0.38991299271583557,7306958,0.3954870104789734,0.38991299271583557,0.4047749936580658,0.3833470046520233,7306958,0.4280401974916458,0.42475162109373493,34.86138182148373,-0.022504237867452537,-0.01795405962341189,0.4467926979064941,0.5018881196457673,0.39169727616722094,9.232715304647126,9.852984000661179,-186.22911915332335,26.69010826509821,-90.76728469535287,1
2025-01-30,0.41267499327659607,0.41962501406669617,0.3927069902420044,0.3954870104789734,5862865,0.41267499327659607,0.3954870104789734,0.41962501406669617,0.3927069902420044,5862865,0.42503819763660433,0.4225558705815278,40.2705098833698,-0.022153703922350165,-0.018793988483199547,0.44453154802322387,0.5013047137673637,0.387758382279084,22.30451725381394,11.251729309350898,-119.44667761053213,26.909637039346727,-77.69548274618606,0
2025-01-31,0.4071969985961914,0.42295798659324646,0.4020960032939911,0.41267499327659607,4927336,0.4071969985961914,0.41267499327659607,0.42295798659324646,0.4020960032939911,4927336,0.4205559968948364,0.4197633484023757,39.15454061715778,-0.022063596231349514,-0.019447910032829543,0.44189834743738177,0.5004409182783978,0.38335577659636577,18.435065169912168,16.657432576124407,-98.79248293842807,26.924947685458886,-81.56493483008784,0
2025-02-01,0.3753960132598877,0.4125489890575409,0.37452301383018494,0.4072049856185913,4331421,0.3753960132598877,0.4072049856185913,0.4125489890575409,0.37452301383018494,4331421,0.4139332979917526,0.4116965601946506,33.37276821532281,-0.02427839278253452,-0.02041400658277054,0.43818924874067305,0.5033422967504182,0.37303620073092797,0.7443910201432571,13.827991147956448,-147.03636661607538,27.737775530147754,-99.25560897985675,0
2025-02-02,0.332271009683609,0.38488900661468506,0.3205690085887909,0.3753960132598877,14589214,0.332271009683609,0.3753960132598877,0.38488900661468506,0.3205690085887909,14589214,0.40292820036411287,0.3972555510108249,27.4525826751795,-0.029177126630345163,-0.022166630592285463,0.4328446492552757,0.5126832722722509,0.3530060262383006,7.190611810173444,8.790022666742951,-207.92031979693837,29.56918455387974,-92.80938818982655,1
2025-02-03,0.3425079882144928,0.35173100233078003,0.2829279899597168,0.3322249948978424,15466140,0.3425079882144928,0.3322249948978424,0.35173100233078003,0.2829279899597168,15466140,0.39399040043354033,0.387301448684219,30.599830545343323,-0.03186603803422494,-0.02410651208067336,0.42718739807605743,0.5153593094018479,0.33901548675026694,33.000081708988894,13.645028179768525,-199.46134212128285,31.78625045817887,-66.9999182910111,0
2025-02-04,0.31341201066970825,0.3429949879646301,0.30341199040412903,0.3425079882144928,5008270,0.31341201066970825,0.3425079882144928,0.3429949879646301,0.30341199040412903,5008270,0.3817806005477905,0.37386700540885337,27.012877548593522,-0.035930635912242104,-0.02647133684698711,0.41854154914617536,0.5153129567319644,0.3217701415603863,17.80972586532761,19.333473128163316,-175.57074382351425,33.84495451217092,-82.19027413467239,0
2025-02-05,0.31116798520088196,0.32384899258613586,0.3079969882965088,0.31341201066970825,11038510,0.31116798520088196,0.31341201066970825,0.32384899258613586,0.3079969882965088,11038510,0.3694646000862122,0.36246718355285856,26.752412693336566,-0.03888469456162347,-0.028954008389914382,0.41045479774475097,0.5144639599595776,0.3064456355299243,17.013067667366705,22.607625080561064,-159.73023726691588,35.756608276592104,-82.9869323326333,0
2025-02-06,0.29698801040649414,0.31983301043510437,0.2953619956970215,0.31116798520088196,16175335,0.29698801040649414,0.31116798520088196,0.31983301043510437,0.2953619956970215,16175335,0.3576909005641937,0.3505618793444286,25.105112268721626,-0.04188716363449024,-0.03154063943882955,0.3999235987663269,0.505096406955032,0.29475079057762177,8.470400834802442,14.431064789165584,-151.68906832502185,37.703493466566194,-91.52959916519755,1
2025-02-07,0.2980180084705353,0.31914499402046204,0.2904199957847595,0.29698801040649414,4686437,0.2980180084705353,0.29698801040649414,0.31914499402046204,0.2904199957847595,4686437,0.348512002825737,0.341008448276448,25.464134043396825,-0.04368001376186137,-0.033968514303435914,0.3906940996646881,0.49760618086673525,0.28378201846264095,9.221698529863062,11.5683890106774,-133.16231889413814,39.57755163401868,-90.77830147013694,1
2025-02-08,0.3086499869823456,0.30910998582839966,0.2971329987049103,0.2980180084705353,5167088,0.3086499869823456,0.2980180084705353,0.30910998582839966,0.2971329987049103,5167088,0.3398283004760742,0.33512509167752025,29.235069217947512,-0.043738755447470856,-0.03592256253224291,0.38393424898386,0.4936092775531138,0.27425922041460626,15.719033211169478,11.137044191944993,-111.41962770710327,41.31774850379599,-84.28096678883053,0
2025-02-09,0.303631991147995,0.31825101375579834,0.2933320105075836,0.3086389899253845,5504905,0.303631991147995,0.3086389899253845,0.31825101375579834,0.2933320105075836,5504905,0.3289240002632141,0.32939907339942476,28.50213985403495,-0.04368662674409346,-0.03747537537461302,0.3769810989499092,0.48849052569446627,0.26547167220535217,13.401254840685388,12.780662193905973,-96.75100846612293,42.33600095203325,-86.59874515931462,1
2025-02-10,0.3121410012245178,0.3126020133495331,0.29494601488113403,0.303631991147995,6259962,0.3121410012245178,0.303631991147995,0.3126020133495331,0.29494601488113403,6259962,0.31941840052604675,0.3262612420948962,31.632133441393847,-0.04246915044053845,-0.03847413038779811,0.3699871987104416,0.4793188219763606,0.2606555754445226,20.86196669793112,16.660751583261995,-84.09415155447111,43.28152108253928,-79.13803330206888,0
2025-02-11,0.30773499608039856,0.3282589912414551,0.3045459985733032,0.3121410012245178,6626287,0.30773499608039856,0.3121410012245178,0.3282589912414551,0.3045459985733032,6626287,0.31265229880809786,0.32289283372862393,30.878335527845422,-0.0413827845111811,-0.03905586121247471,0.36329279839992523,0.47063744679671643,0.25594815000313403,17.71549433483441,17.326238624483636,-67.64405950742456,43.136597469688304,-82.2845056651656,1
2025-02-12,0.3286980092525482,0.3313780128955841,0.30038198828697205,0.30773600935935974,8190191,0.3286980092525482,0.30773600935935974,0.3313780128955841,0.30038198828697205,8190191,0.3122949987649918,0.32394832018751923,38.3997930770579,-0.03838778127061648,-0.038922245224103064,0.3576115995645523,0.45951354679104767,0.2557096523380569,32.68586759493784,23.754442875901123,-53.30867560458644,43.10981509126686,-67.31413240506215,0
2025-02-13,0.3168259859085083,0.3302229940891266,0.3122529983520508,0.3286980092525482,5275584,0.3168259859085083,0.3286980092525482,0.3302229940891266,0.3122529983520508,5275584,0.30972679853439333,0.32265335031860815,36.00996717096179,-0.03655085716063183,-0.03844796761140882,0.3518585994839668,0.44922889846607295,0.25448830050186066,24.207667473923767,24.86967646789867,-48.935920990454434,43.08494573987552,-75.79233252607624,1
2025-02-14,0.32311999797821045,0.3287909924983978,0.31642699241638184,0.3168259859085083,6462534,0.32311999797821045,0.3168259859085083,0.3287909924983978,0.31642699241638184,6462534,0.31069759726524354,0.3227381953476267,38.205669803546144,-0.03419305118672877,-0.037596984326472814,0.34623909890651705,0.43635197112664825,0.25612622668638585,31.007327746456433,29.30028760510601,-40.11602920190109,43.061852770726425,-68.99267225354357,0
2025-02-15,0.3181470036506653,0.32701098918914795,0.3157329857349396,0.32311999797821045,2984398,0.3181470036506653,0.32311999797821045,0.32701098918914795,0.3157329857349396,2984398,0.31139549911022185,0.3219034332209065,37.121828674255866,-0.03235280900325582,-0.036548149261829414,0.340430049598217,0.4216165764799189,0.2592435227165151,34.54164625498795,29.918880491789384,-39.49479362480511,43.062154576099225,-65.45835374501205,1
2025-02-16,0.32516300678253174,0.3308730125427246,0.3157790005207062,0.3181470036506653,4359951,0.32516300678253174,0.3181470036506653,0.3308730125427246,0.3157790005207062,4359951,0.3142129987478256,0.32249608295938376,39.71999863198896,-0.029982649675163786,-0.03523504934449629,0.33595194965600966,0.409801168011769,0.2621027313002503,61.385418119538464,42.311464040327614,-28.08309547133263,42.74677191241362,-38.614581880461536,0
2025-02-17,0.31951698660850525,0.33321601152420044,0.31350401043891907,0.32523998618125916,5029683,0.31951698660850525,0.32523998618125916,0.33321601152420044,0.31350401043891907,5029683,0.31636289656162264,0.32195442907740585,38.34679769495414,-0.02823439939296085,-0.033834919354189204,0.33243744969367983,0.402281911385994,0.26259298800136566,55.343785357491875,50.42361657733943,-27.633305890533958,42.258004551593096,-44.656214642508125,0
2025-02-18,0.3019540011882782,0.3199560046195984,0.2926790118217468,0.31951698660850525,6565144,0.3019540011882782,0.31951698660850525,0.3199560046195984,0.2926790118217468,6565144,0.3156932979822159,0.31831798764301894,34.36662144505986,-0.0279439639701366,-0.032656728277378685,0.32776079922914503,0.392425807497388,0.2630957909609021,26.951119641001785,47.89344103934403,-68.65327496051826,42.53304930216221,-73.04888035899822,0
2025-02-19,0.30111199617385864,0.3080590069293976,0.2981700003147125,0.3019540011882782,6543085,0.30111199617385864,0.3019540011882782,0.3080590069293976,0.2981700003147125,6543085,0.31544129848480223,0.31518962555771707,34.18343643111412,-0.02746513360901559,-0.031618409343706064,0.3221826493740082,0.3746902482699454,0.269675050478071,24.983635051908223,35.759513350133965,-81.79435623129106,42.78844799911924,-75.01636494809178,1
2025-02-20,0.307574987411499,0.3086960017681122,0.2995949983596802,0.30111199617385864,4428925,0.307574987411499,0.30111199617385864,0.3086960017681122,0.2995949983596802,4428925,0.31498469710350036,0.3138051458947683,36.96101214977613,-0.02626142238850776,-0.030547011952666403,0.3172015488147736,0.352627405664815,0.2817756919647322,40.08548770330837,30.67341413207279,-72.5310482600724,42.9669917973142,-59.91451229669163,0
2025-02-21,0.293597012758255,0.3159239888191223,0.28988298773765564,0.307574987411499,5444477,0.293597012758255,0.307574987411499,0.3159239888191223,0.28988298773765564,5444477,0.313570898771286,0.31013093986994766,33.65311957374168,-0.026134120437217523,-0.02966443364957663,0.3131115987896919,0.3380554608564781,0.28816773672290574,8.570888195788902,24.546670317001826,-103.32369872667266,43.46272924205835,-91.4291118042111,1
2025-02-22,0.29840201139450073,0.30459898710250854,0.29225900769233704,0.293597012758255,2166193,0.29840201139450073,0.293597012758255,0.30459898710250854,0.29225900769233704,2166193,0.3105412989854813,0.30799840741986634,35.7807987583751,-0.025353252972349805,-0.028802197514131267,0.3114181488752365,0.3355134378642217,0.2873228598862513,19.659425796845287,22.771933898647518,-106.074743372228,43.923056869320774,-80.34057420315472,0
2025-02-23,0.2957899868488312,0.29996201395988464,0.2911829948425293,0.29840201139450073,2113545,0.2957899868488312,0.29840201139450073,0.29996201395988464,0.2911829948425293,2113545,0.30843769907951357,0.30577869458876905,35.12143278673318,-0.024660902894146797,-0.027973938590134376,0.30908224880695345,0.32943635165093094,0.28872814596297597,13.631633786446494,13.953982593026888,-116.63145772478946,44.38890364130077,-86.3683662135535,0
2025-02-24,0.26631399989128113,0.2972930073738098,0.2661159932613373,0.2957899868488312,3580893,0.26631399989128113,0.2957899868488312,0.2972930073738098,0.2661159932613373,3580893,0.3027570992708206,0.29860329555286214,28.695138502533354,-0.026188788226708004,-0.027616908517449103,0.30672734826803205,0.3341897322121704,0.2792649643238937,0.29509176758814,11.195383783626633,-229.77112640146237,45.57234623373712,-99.70490823241185,1
2025-02-25,0.27247700095176697,0.2748120129108429,0.2503499984741211,0.26631399989128113,12401083,0.27247700095176697,0.26631399989128113,0.2748120129108429,0.2503499984741211,12401083,0.2981900990009308,0.29385306017084484,31.516650794325585,-0.026595766243385777,-0.02741268006263644,0.3047927990555763,0.33593579210789326,0.2736498060032594,26.702144417487077,13.542956657173898,-257.35084668980346,47.02161882735392,-73.29785558251292,1
2025-02-26,0.27287501096725464,0.2817690074443817,0.26491400599479675,0.2724519968032837,14336073,0.27287501096725464,0.2724519968032837,0.2817690074443817,0.26491400599479675,14336073,0.2929612994194031,0.2900388694065557,31.704600088909388,-0.02657978792195892,-0.027246101634500936,0.30358714908361434,0.3375818213567207,0.26959247681050796,27.18244991408088,18.059895366385362,-173.64748235004615,47.69991529577999,-72.81755008591912,1
2025-02-27,0.2769930064678192,0.28679800033569336,0.27043500542640686,0.27287501096725464,5729117,0.2769930064678192,0.27287501096725464,0.28679800033569336,0.27043500542640686,5729117,0.28870890140533445,0.28766689432678544,33.731079315813616,-0.02593586466242609,-0.02698405424008597,0.30253589898347855,0.33840320798100365,0.26666858998595344,32.15191248262017,28.67883560472937,-124.11430365049576,47.86003876910992,-67.84808751737982,0
2025-02-28,0.27201199531555176,0.2770940065383911,0.25551098585128784,0.2769930064678192,9828943,0.27201199531555176,0.2769930064678192,0.2770940065383911,0.25551098585128784,9828943,0.28571470081806183,0.28482054905201565,32.47583751474447,-0.02553314659189121,-0.026693872710447018,0.30070399940013887,0.33880788050173205,0.2626001182985457,26.140990792376396,28.491784396359147,-143.2328301029641,48.432003157624436,-73.8590092076236,1
2025-03-01,0.2824609875679016,0.2847850024700165,0.26587700843811035,0.27201199531555176,5569465,0.2824609875679016,0.27201199531555176,0.2847850024700165,0.26587700843811035,5569465,0.2838495999574661,0.2843915378730858,37.71233370179982,-0.024093112863029564,-0.026173720740963528,0.2996454492211342,0.3385333716403837,0.26075752680188463,38.75049361235049,32.34779896244901,-89.4332061748238,48.27675289882662,-61.24950638764951,1
2025-03-02,0.303382009267807,0.31040701270103455,0.2759400010108948,0.2824540138244629,10770065,0.303382009267807,0.2824540138244629,0.31040701270103455,0.2759400010108948,10770065,0.28343030214309695,0.28784435085394416,46.6356445089037,-0.02102140250836737,-0.0251432570944443,0.2992074996232986,0.33771812053373335,0.2606968787128639,63.99729978759384,42.962928064106904,-10.970879093921717,46.24044800812943,-36.00270021240616,0
2025-03-03,0.2552550137042999,0.30357301235198975,0.25137099623680115,0.303382009267807,16777706,0.2552550137042999,0.303382009267807,0.30357301235198975,0.25137099623680115,16777706,0.2795961022377014,0.2819190168267361,34.41981347396208,-0.02221442221837483,-0.024557490119230405,0.2965835005044937,0.3393309799849496,0.25383602102403785,7.04682756819476,36.59820698937969,-104.81169651145063,45.252564894575876,-92.95317243180524,0
2025-03-04,0.2488279938697815,0.256197988986969,0.23096700012683868,0.2552550137042999,12888501,0.2488279938697815,0.2552550137042999,0.256197988986969,0.23096700012683868,12888501,0.2746387004852295,0.2759024671981989,33.17024714480611,-0.023408665200554568,-0.02432772513549524,0.2925899997353554,0.33746097205289405,0.2477190274178167,21.023572066137824,30.689233140642134,-166.94165602948647,44.93154989154274,-78.97642793386218,1
2025-03-05,0.2562899887561798,0.2694529891014099,0.24667400121688843,0.2488120049238205,3003888,0.2562899887561798,0.2488120049238205,0.2694529891014099,0.24667400121688843,3003888,0.27068870067596434,0.2723365620269227,36.07207343302483,-0.02348230138995072,-0.024158640386386338,0.28956319987773893,0.3356372667860291,0.24348913296944874,29.806834045238624,19.29241122652373,-109.42394663934856,43.83378459260148,-70.19316595476137,0
2025-03-06,0.25056299567222595,0.2598870098590851,0.2457589954137802,0.25627198815345764,3971244,0.25056299567222595,0.25627198815345764,0.2598870098590851,0.2457589954137802,3971244,0.26911360025405884,0.2683777317806142,34.82234412816197,-0.023729243136032918,-0.024072760936315656,0.28593534976243973,0.33229444705192984,0.2395762524729496,23.06578404793096,24.6320633864358,-114.0565611677965,42.84400525341865,-76.93421595206904,0
2025-03-07,0.24122300744056702,0.25157299637794495,0.23725299537181854,0.25056299567222595,8290476,0.24122300744056702,0.25056299567222595,0.25157299637794495,0.23725299537181854,8290476,0.26598820090293884,0.2634405091733329,32.8249954972366,-0.024397367575106743,-0.024137682264073874,0.2820891499519348,0.32986271451965077,0.23431558538421882,12.910379771339242,21.927665954836268,-129.45066991825914,42.20289891906059,-87.08962022866076,1
2025-03-08,0.24576400220394135,0.24703599512577057,0.23757100105285645,0.24122300744056702,4895501,0.24576400220394135,0.24122300744056702,0.24703599512577057,0.23757100105285645,4895501,0.26327710002660754,0.26022659881526167,34.783579429215536,-0.024280549618042324,-0.024166255734867567,0.2781191997230053,0.3240768247220749,0.23216157472393575,18.626636121541985,18.200933313604057,-121.21230529350974,41.607585894299525,-81.37336387845802,0
2025-03-09,0.22058600187301636,0.2467609941959381,0.22010299563407898,0.24576400220394135,6966584,0.22058600187301636,0.24576400220394135,0.2467609941959381,0.22010299563407898,6966584,0.25763639956712725,0.25301921755303525,29.625833165811144,-0.025920825608358622,-0.02451716970956578,0.27317265048623085,0.3214788438501611,0.2248664571223006,0.5348668360780172,10.690627576319741,-155.0435896584376,41.606964084670814,-99.46513316392198,0
2025-03-10,0.20721200108528137,0.23134200274944305,0.2038639932870865,0.22061100602149963,3327258,0.20721200108528137,0.22061100602149963,0.23134200274944305,0.2038639932870865,3327258,0.2511564001441002,0.24469063274071634,27.30938584527577,-0.027977419958672395,-0.025209219759387107,0.26843555048108103,0.3227330280993859,0.21413807286277614,3.1423999588250653,7.434634305481681,-178.129274129824,42.043426694797596,-96.85760004117493,1
2025-03-11,0.2156819999217987,0.21907100081443787,0.19679899513721466,0.20721200108528137,2582438,0.2156819999217987,0.20721200108528137,0.21907100081443787,0.19679899513721466,2582438,0.2444785013794899,0.2394163358645495,30.989599985792623,-0.028594211409040227,-0.02588621808931773,0.26416405066847803,0.3208938544034947,0.20743424693346135,16.621190290532464,6.766152361811841,-161.6524487572352,42.6234495670187,-83.37880970946753,1
2025-03-12,0.21659700572490692,0.22295700013637543,0.2096939980983734,0.2156819999217987,6763899,0.21659700572490692,0.2156819999217987,0.22295700013637543,0.2096939980983734,6763899,0.23580000102519988,0.23526736674825083,31.393695435020433,-0.028678600698863466,-0.02644469461122688,0.2596151515841484,0.3162819281595563,0.20294837500874047,17.426596302123333,12.396728850493611,-126.1471256833765,42.87277894665163,-82.57340369787667,0
2025-03-13,0.21100899577140808,0.2194020003080368,0.20669400691986084,0.21659700572490692,4157863,0.21100899577140808,0.21659700572490692,0.2194020003080368,0.20669400691986084,4157863,0.2313753992319107,0.23085675384337032,30.22951937802557,-0.028863663179216487,-0.026928488324824803,0.25548575073480606,0.31366198351724184,0.19730951795237028,12.507920601828017,15.518569064827929,-122.20819072807855,43.18870556429062,-87.49207939817198,1
2025-03-14,0.2150309979915619,0.218081995844841,0.21040000021457672,0.21100899577140808,16459561,0.2150309979915619,0.21100899577140808,0.218081995844841,0.21040000021457672,16459561,0.22799569964408875,0.22797934368849604,32.178962070130936,-0.028358881034532435,-0.02721456686676633,0.25131720006465913,0.30853540625900766,0.19409899387031063,16.048165653542284,15.327560852497868,-104.65264528931732,43.4820659949554,-83.95183434645772,1
2025-03-15,0.21891100704669952,0.21928900480270386,0.21447299420833588,0.21502700448036194,16790231,0.21891100704669952,0.21502700448036194,0.21928900480270386,0.21447299420833588,16790231,0.22425780147314073,0.22633055520816936,34.09212168953242,-0.027330701924931033,-0.027237793878399273,0.24747325107455254,0.30251219965697107,0.192434302492134,19.463425543063742,16.006503932811338,-86.91130760653215,43.647903565335696,-80.53657445693625,0
2025-03-16,0.2096319943666458,0.21930499374866486,0.20757600665092468,0.21891100704669952,4368796,0.2096319943666458,0.21891100704669952,0.21930499374866486,0.20757600665092468,4368796,0.2201647013425827,0.22329445323698324,31.783056737440987,-0.02695389364060452,-0.027181013830840324,0.24463915079832077,0.30131855395508345,0.1879597476415581,12.018840879254057,15.843477358620019,-92.6914412531849,44.02902936087395,-87.98115912074594,1
2025-03-17,0.2146739959716797,0.2194110006093979,0.2096319943666458,0.2096319943666458,3773385,0.2146739959716797,0.2096319943666458,0.2194110006093979,0.2096319943666458,3773385,0.21750980019569396,0.2217270973705644,34.38369406091019,-0.025949295641478742,-0.02693467019296801,0.24174900054931642,0.29835055343334316,0.18514744766528965,24.60291562673628,18.695060683018017,-77.24010272780191,44.372606908272886,-75.39708437326372,0
2025-03-18,0.21167899668216705,0.2146739959716797,0.2036460041999817,0.2146739959716797,3453436,0.21167899668216705,0.2146739959716797,0.2146739959716797,0.2036460041999817,3453436,0.21410129964351654,0.21990016997267398,33.56512701197755,-0.025105416290427007,-0.026568819412459813,0.23868919983506204,0.29484400006483735,0.18253439960528672,20.480638066897512,19.03413152429594,-80.91709462143433,44.895243544813596,-79.51936193310249,1
2025-03-19,0.22012299299240112,0.22073599696159363,0.2114589959383011,0.21167899668216705,3499274,0.22012299299240112,0.21167899668216705,0.22073599696159363,0.2114589959383011,3499274,0.21405499875545503,0.219940683248988,38.04354167209542,-0.023484560497300272,-0.02595196762942791,0.2358456991612911,0.2896650645543533,0.1820263337682289,36.97056874909212,27.351374147575296,-54.515814665942436,44.759904791468486,-63.02943125090788,0
2025-03-20,0.21137000620365143,0.22069300711154938,0.2101220041513443,0.22013400495052338,2428683,0.21137000620365143,0.22013400495052338,0.22069300711154938,0.2101220041513443,2428683,0.214470799267292,0.21838237833165408,35.381029619888025,-0.02264527287617757,-0.025290628678777842,0.2328135997056961,0.28494767010620486,0.18067952930518735,26.60205706425857,28.017754626749394,-59.155750427748586,44.688882649641684,-73.39794293574143,0
2025-03-21,0.20630599558353424,0.21311700344085693,0.2037999927997589,0.21135999262332916,1028770,0.20630599558353424,0.21135999262332916,0.21311700344085693,0.2037999927997589,1028770,0.21353319883346558,0.21618667237745046,33.902710868863394,-0.02213361222104887,-0.02465922538723205,0.22900585010647773,0.2770425387874759,0.18096916142547953,18.924299716315254,27.498975176555305,-74.51286359905279,44.87992239934693,-81.07570028368474,1
2025-03-22,0.20994099974632263,0.21399100124835968,0.20627200603485107,0.20630699396133423,527431,0.20994099974632263,0.20630699396133423,0.21399100124835968,0.20627200603485107,527431,0.21286759823560714,0.2150510955354272,35.970806596570114,-0.021190531749246427,-0.023965486659634928,0.2243337996304035,0.2587800233764669,0.18988757588434013,26.304000753975746,23.94345251151651,-64.19383921552148,44.95799924247318,-73.69599924602426,1
2025-03-23,0.21272799372673035,0.21476200222969055,0.2085919976234436,0.20994099974632263,543477,0.21272799372673035,0.20994099974632263,0.21476200222969055,0.2085919976234436,543477,0.21303949803113936,0.2146287133883914,37.58332044211501,-0.01998783919028896,-0.023169957165765732,0.22220744863152503,0.25389611389619177,0.1905187833668583,46.1135254009461,30.447275290412353,-53.000544786767115,44.93786718153236,-53.8864745990539,1
2025-03-24,0.21641500294208527,0.21696999669075012,0.21032099425792694,0.2127400040626526,699506,0.21641500294208527,0.2127400040626526,0.21696999669075012,0.21032099425792694,699506,0.2131778985261917,0.2149534933072448,39.745240613797016,-0.018523656658937404,-0.02224069706440007,0.22058679908514023,0.24988944889883266,0.1912841492714478,74.99045820008044,49.135994785000754,-36.87091592014291,44.643576601630585,-25.009541799919564,0
